2152555
2152556
2152557
2152558
2152559
2152560
2152561
2152562
2152563
2152564
2152565
2152566
2152567
2152568
2152569
2152570
2152571
2152572
2152573
2152574
2152575
2152576
2152577
2152578
2152579
2152580
2152581
2152582
2152583
2152584
2152585
2152586
2152587
2152588
2152589
2152590
2152591
2152592
2152593
2152594
2152595
2152596
2152597
2152598
2152599
2152600
2152601
2152602
2152603
2152604
2152605
2152606
2152607
2152608
2152609
2152610
2152611
2152612
2152613
2152614
2152615
2152616
2152617
2152618
2152619
2152620
2152621
2152622
2152623
2152624
2152625
2152626
2152627
2152628
2152629
2152630
2152631
2152632
2152633
2152634
2152635
2152636
2152637
2152638
2152639
2152640
2152641
2152642
2152643
2152644
2152645
2152646
2152647
2152648
2152649
2152650
2152651
2152652
2152653
2152654
2152655
2152656
2152657
2152658
2152659
2152660
2152661
2152662
2152663
2152664
2152665
2152666
2152667
2152668
2152669
2152670
2152671
2152672
2152673
2152674
2152675
2152676
2152677
2152678
2152679
2152680
2152681
2152682
2152683
2152684
2152685
2152686
2152687
2152688
2152689
2152690
2152691
2152692
2152693
2152694
2152695
2152696
2152697
2152698
2152699
2152700
2152701
2152702
2152703
2152704
2152705
2152706
2152707
2152708
2152709
2152710
2152711
2152712
2152713
2152714
2152715
2152716
2152717
2152718
2152719
2152720
2152721
2152722
2152723
2152724
2152725
2152726
2152727
2152728
2152729
2152730
2152731
2152732
2152733
2152734
2152735
2152736
2152737
2152738
2152739
2152740
2152741
2152742
2152743
2152744
2152745
2152746
2152747
2152748
2152749
2152750
2152751
2152752
2152753
2152754
2152755
2152756
2152757
2152758
2152759
2152760
2152761
2152762
2152763
2152764
2152765
2152766
2152767
2152768
2152769
2152770
2152771
2152772
2152773
2152774
2152775
2152776
2152777
2152778
2152779
2152780
2152781
2152782
2152783
2152784
2152785
2152786
2152787
2152788
2152789
2152790
2152791
2152792
2152793
2152794
2152795
2152796
2152797
2152798
2152799
2152800
2152801
2152802
2152803
2152804
2152805
2152806
2152807
2152808
2152809
2152810
2152811
2152812
2152813
2152814
2152815
2152816
2152817
2152818
2152819
2152820
2152821
2152822
2152823
2152824
2152825
2152826
2152827
2152828
2152829
2152830
2152831
2152832
2152833
2152834
2152835
2152836
2152837
2152838
2152839
2152840
2152841
2152842
2152843
2152844
2152845
2152846
2152847
2152848
2152849
2152850
2152851
2152852
2152853
2152854
2152855
2152856
2152857
2152858
2152859
2152860
2152861
2152862
2152863
2152864
2152865
2152866
2152867
2152868
2152869
2152870
2152871
2152872
2152873
2152874
2152875
2152876
2152877
2152878
2152879
2152880
2152881
2152882
2152883
2152884
2152885
2152886
2152887
2152888
2152889
2152890
2152891
2152892
2152893
2152894
2152895
2152896
2152897
2152898
2152899
2152900
2152901
2152902
2152903
2152904
2152905
2152906
2152907
2152908
2152909
2152910
2152911
2152912
2152913
2152914
2152915
2152916
2152917
2152918
2152919
2152920
2152921
2152922
2152923
2152924
2152925
2152926
2152927
2152928
2152929
2152930
2152931
2152932
2152933
2152934
2152935
2152936
2152937
2152938
2152939
2152940
2152941
2152942
2152943
2152944
2152945
2152946
2152947
2152948
2152949
2152950
2152951
2152952
2152953
2152954
2152955
2152956
2152957
2152958
2152959
2152960
2152961
2152962
2152963
2152964
2152965
2152966
2152967
2152968
2152969
2152970
2152971
2152972
2152973
2152974
2152975
2152976
2152977
2152978
2152979
2152980
2152981
2152982
2152983
2152984
2152985
2152986
2152987
2152988
2152989
2152990
2152991
2152992
2152993
2152994
2152995
2152996
2152997
2152998
2152999
2153000
2153001
2153002
2153003
2153004
2153005
2153006
2153007
2153008
2153009
2153010
2153011
2153012
2153013
2153014
2153015
2153016
2153017
2153018
2153019
2153020
2153021
2153022
2153023
2153024
2153025
2153026
2153027
2153028
