2149172
2149173
2149174
2149175
2149176
2149177
2149178
2149179
2149180
2149181
2149182
2149183
2149184
2149185
2149186
2149187
2149188
2149189
2149190
2149191
2149192
2149193
2149194
2149195
2149196
2149197
2149198
2149199
2149200
2149201
2149202
2149203
2149204
2149205
2149206
2149207
2149208
2149209
2149210
2149211
2149212
2149213
2149214
2149215
2149216
2149217
2149218
2149219
2149220
2149221
2149222
2149223
2149224
2149225
2149226
2149227
2149228
2149229
2149230
2149231
2149232
2149233
2149234
2149235
2149236
2149237
2149238
2149239
2149240
2149241
2149242
2149243
2149244
2149245
2149246
2149247
2149248
2149249
2149250
2149251
2149252
2149253
2149254
2149255
2149256
2149257
2149258
2149259
2149260
2149261
2149262
2149263
2149264
2149265
2149266
2149267
2149268
2149269
2149270
2149271
2149272
2149273
2149274
2149275
2149276
2149277
2149278
2149279
2149280
2149281
2149282
2149283
2149284
2149285
2149286
2149287
2149288
2149289
2149290
2149291
2149292
2149293
2149294
2149295
2149296
2149297
2149298
2149299
2149300
2149301
2149302
2149303
2149304
2149305
2149306
2149307
2149308
2149309
2149310
2149311
2149312
2149313
2149314
2149315
2149316
2149317
2149318
2149319
2149320
2149321
2149322
2149323
2149324
2149325
2149326
2149327
2149328
2149329
2149330
2149331
2149332
2149333
2149334
2149335
2149336
2149337
2149338
2149339
2149340
2149341
2149342
2149343
2149344
2149345
2149346
2149347
2149348
2149349
2149350
2149351
2149352
2149353
2149354
2149355
2149356
2149357
2149358
2149359
2149360
2149361
2149362
2149363
2149364
2149365
2149366
2149367
2149368
2149369
2149370
2149371
2149372
2149373
2149374
2149375
2149376
2149377
2149378
2149379
2149380
2149381
2149382
2149383
2149384
2149385
2149386
2149387
2149388
2149389
2149390
2149391
2149392
2149393
2149394
2149395
2149396
2149397
2149398
2149399
2149400
2149401
2149402
2149403
2149404
2149405
2149406
2149407
2149408
2149409
2149410
2149411
2149412
2149413
2149414
2149415
2149416
2149417
2149418
2149419
2149420
2149421
2149422
2149423
2149424
2149425
2149426
2149427
2149428
2149429
2149430
2149431
2149432
2149433
2149434
2149435
2149436
2149437
2149438
2149439
2149440
2149441
2149442
2149443
2149444
2149445
2149446
2149447
2149448
2149449
2149450
2149451
2149452
2149453
2149454
2149455
2149456
2149457
2149458
2149459
2149460
2149461
2149462
2149463
2149464
2149465
2149466
2149467
2149468
2149469
2149470
2149471
2149472
2149473
2149474
2149475
2149476
2149477
2149478
2149479
2149480
2149481
2149482
2149483
2149484
2149485
2149486
2149487
2149488
2149489
2149490
2149491
2149492
2149493
2149494
2149495
2149496
2149497
2149498
2149499
2149500
2149501
2149502
2149503
2149504
2149505
2149506
2149507
2149508
2149509
2149510
2149511
2149512
2149513
2149514
2149515
2149516
2149517
2149518
2149519
2149520
2149521
2149522
2149523
2149524
2149525
2149526
2149527
2149528
2149529
2149530
2149531
