2140670
2140671
2140672
2140673
2140674
2140675
2140676
2140677
2140678
2140679
2140680
2140681
2140682
2140683
2140684
2140685
2140686
2140687
2140688
2140689
2140690
2140691
2140692
2140693
2140694
2140695
2140696
2140697
2140698
2140699
2140700
2140701
2140702
2140703
2140704
2140705
2140706
2140707
2140708
2140709
2140710
2140711
2140712
2140713
2140714
2140715
2140716
2140717
2140718
2140719
2140720
2140721
2140722
2140723
2140724
2140725
2140726
2140727
2140728
2140729
2140730
2140731
2140732
2140733
2140734
2140735
2140736
2140737
2140738
2140739
2140740
2140741
2140742
2140743
2140744
2140745
2140746
2140747
2140748
2140749
2140750
2140751
2140752
2140753
2140754
2140755
2140756
2140757
2140758
2140759
2140760
2140761
2140762
2140763
2140764
2140765
2140766
2140767
2140768
2140769
2140770
2140771
2140772
2140773
2140774
2140775
2140776
2140777
2140778
2140779
2140780
2140781
2140782
2140783
2140784
2140785
2140786
2140787
2140788
2140789
2140790
2140791
2140792
2140793
2140794
2140795
2140796
2140797
2140798
2140799
2140800
2140801
2140802
2140803
2140804
2140805
2140806
2140807
2140808
2140809
2140810
2140811
2140812
2140813
2140814
2140815
2140816
2140817
2140818
2140819
2140820
2140821
2140822
2140823
2140824
2140825
2140826
2140827
2140828
2140829
2140830
2140831
2140832
2140833
2140834
2140835
2140836
2140837
2140838
2140839
2140840
2140841
2140842
2140843
2140844
2140845
2140846
2140847
2140848
2140849
2140850
2140851
2140852
2140853
2140854
2140855
2140856
2140857
2140858
2140859
2140860
2140861
2140862
2140863
2140864
2140865
2140866
2140867
2140868
2140869
2140870
2140871
2140872
2140873
2140874
2140875
2140876
2140877
2140878
2140879
2140880
2140881
2140882
2140883
2140884
2140885
2140886
2140887
2140888
2140889
2140890
2140891
2140892
2140893
2140894
2140895
2140896
2140897
2140898
2140899
2140900
2140901
2140902
2140903
2140904
2140905
2140906
2140907
2140908
2140909
2140910
2140911
2140912
2140913
2140914
2140915
2140916
2140917
2140918
2140919
2140920
2140921
2140922
2140923
2140924
2140925
2140926
2140927
2140928
2140929
2140930
2140931
2140932
2140933
2140934
2140935
2140936
2140937
2140938
2140939
2140940
2140941
2140942
2140943
2140944
2140945
2140946
2140947
2140948
2140949
2140950
2140951
2140952
2140953
2140954
2140955
2140956
2140957
2140958
2140959
2140960
2140961
2140962
2140963
2140964
2140965
2140966
2140967
2140968
2140969
2140970
2140971
2140972
2140973
2140974
2140975
2140976
2140977
2140978
2140979
2140980
2140981
2140982
2140983
2140984
2140985
2140986
2140987
2140988
2140989
2140990
2140991
2140992
2140993
2140994
2140995
2140996
2140997
2140998
2140999
2141000
2141001
2141002
2141003
2141004
2141005
2141006
2141007
2141008
2141009
2141010
2141011
2141012
2141013
2141014
2141015
2141016
2141017
2141018
2141019
2141020
2141021
2141022
2141023
2141024
2141025
2141026
2141027
2141028
2141029
2141030
2141031
2141032
2141033
2141034
2141035
2141036
2141037
2141038
2141039
2141040
2141041
2141042
2141043
2141044
2141045
2141046
2141047
2141048
2141049
2141050
2141051
2141052
2141053
2141054
2141055
2141056
2141057
2141058
2141059
2141060
2141061
2141062
2141063
2141064
2141065
2141066
2141067
2141068
2141069
2141070
2141071
2141072
2141073
2141074
2141075
2141076
2141077
2141078
2141079
2141080
2141081
2141082
2141083
2141084
2141085
2141086
2141087
2141088
2141089
2141090
2141091
2141092
2141093
2141094
2141095
2141096
2141097
2141098
2141099
2141100
2141101
2141102
2141103
2141104
2141105
2141106
2141107
2141108
2141109
2141110
2141111
2141112
2141113
2141114
2141115
2141116
2141117
2141118
2141119
2141120
2141121
2141122
2141123
2141124
2141125
2141126
2141127
2141128
2141129
2141130
2141131
2141132
2141133
2141134
2141135
2141136
2141137
2141138
2141139
2141140
2141141
2141142
2141143
2141144
2141145
2141146
2141147
2141148
2141149
2141150
2141151
2141152
2141153
2141154
2141155
2141156
2141157
2141158
2141159
2141160
2141161
2141162
2141163
2141164
2141165
2141166
2141167
2141168
2141169
2141170
2141171
2141172
2141173
2141174
2141175
2141176
2141177
2141178
2141179
2141180
2141181
2141182
2141183
2141184
2141185
