2139571
2139572
2139573
2139574
2139575
2139576
2139577
2139578
2139579
2139580
2139581
2139582
2139583
2139584
2139585
2139586
2139587
2139588
2139589
2139590
2139591
2139592
2139593
2139594
2139595
2139596
2139597
2139598
2139599
2139600
2139601
2139602
2139603
2139604
2139605
2139606
2139607
2139608
2139609
2139610
2139611
2139612
2139613
2139614
2139615
2139616
2139617
2139618
2139619
2139620
2139621
2139622
2139623
2139624
2139625
2139626
2139627
2139628
2139629
2139630
2139631
2139632
2139633
2139634
2139635
2139636
2139637
2139638
2139639
2139640
2139641
2139642
2139643
2139644
2139645
2139646
2139647
2139648
2139649
2139650
2139651
2139652
2139653
2139654
2139655
2139656
2139657
2139658
2139659
2139660
2139661
2139662
2139663
2139664
2139665
2139666
2139667
2139668
2139669
2139670
2139671
2139672
2139673
2139674
2139675
2139676
2139677
2139678
2139679
2139680
2139681
2139682
2139683
2139684
2139685
2139686
2139687
2139688
2139689
2139690
2139691
2139692
2139693
2139694
2139695
2139696
2139697
2139698
2139699
2139700
2139701
2139702
2139703
2139704
2139705
2139706
2139707
2139708
2139709
2139710
2139711
2139712
2139713
2139714
2139715
2139716
2139717
2139718
2139719
2139720
2139721
2139722
2139723
2139724
2139725
2139726
2139727
2139728
2139729
2139730
2139731
2139732
2139733
2139734
2139735
2139736
2139737
2139738
2139739
2139740
2139741
2139742
2139743
2139744
2139745
2139746
2139747
2139748
2139749
2139750
2139751
2139752
2139753
2139754
2139755
2139756
2139757
2139758
2139759
2139760
2139761
2139762
2139763
2139764
2139765
2139766
2139767
2139768
2139769
2139770
2139771
2139772
2139773
2139774
2139775
2139776
2139777
2139778
2139779
2139780
2139781
2139782
2139783
2139784
2139785
2139786
2139787
2139788
2139789
2139790
2139791
2139792
2139793
2139794
2139795
2139796
2139797
2139798
2139799
2139800
2139801
2139802
2139803
2139804
2139805
2139806
2139807
2139808
2139809
2139810
2139811
2139812
2139813
2139814
2139815
2139816
2139817
2139818
2139819
2139820
2139821
2139822
2139823
2139824
2139825
2139826
2139827
2139828
2139829
2139830
2139831
2139832
2139833
2139834
2139835
2139836
2139837
2139838
2139839
2139840
2139841
2139842
2139843
2139844
2139845
2139846
2139847
2139848
2139849
2139850
2139851
2139852
2139853
2139854
2139855
2139856
2139857
2139858
2139859
2139860
2139861
2139862
2139863
2139864
2139865
2139866
2139867
2139868
2139869
2139870
2139871
2139872
2139873
2139874
2139875
2139876
2139877
2139878
2139879
2139880
2139881
2139882
2139883
2139884
2139885
2139886
2139887
2139888
2139889
2139890
2139891
2139892
2139893
2139894
2139895
2139896
2139897
2139898
2139899
2139900
2139901
2139902
2139903
2139904
2139905
2139906
2139907
2139908
2139909
2139910
2139911
2139912
2139913
2139914
2139915
2139916
2139917
2139918
2139919
2139920
2139921
2139922
2139923
2139924
2139925
2139926
2139927
2139928
2139929
2139930
2139931
2139932
2139933
2139934
2139935
2139936
2139937
2139938
2139939
2139940
2139941
2139942
2139943
2139944
2139945
2139946
2139947
2139948
2139949
2139950
2139951
2139952
2139953
2139954
2139955
2139956
2139957
2139958
2139959
2139960
2139961
2139962
2139963
2139964
2139965
2139966
2139967
2139968
2139969
2139970
2139971
2139972
2139973
2139974
2139975
2139976
2139977
2139978
2139979
2139980
2139981
2139982
2139983
2139984
2139985
2139986
2139987
2139988
2139989
2139990
2139991
2139992
2139993
2139994
