2153029
2153030
2153031
2153032
2153033
2153034
2153035
2153036
2153037
2153038
2153039
2153040
2153041
2153042
2153043
2153044
2153045
2153046
2153047
2153048
2153049
2153050
2153051
2153052
2153053
2153054
2153055
2153056
2153057
2153058
2153059
2153060
2153061
2153062
2153063
2153064
2153065
2153066
2153067
2153068
2153069
2153070
2153071
2153072
2153073
2153074
2153075
2153076
2153077
2153078
2153079
2153080
2153081
2153082
2153083
2153084
2153085
2153086
2153087
2153088
2153089
2153090
2153091
2153092
2153093
2153094
2153095
2153096
2153097
2153098
2153099
2153100
2153101
2153102
2153103
2153104
2153105
2153106
2153107
2153108
2153109
2153110
2153111
2153112
2153113
2153114
2153115
2153116
2153117
2153118
2153119
2153120
2153121
2153122
2153123
2153124
2153125
2153126
2153127
2153128
2153129
2153130
2153131
2153132
2153133
2153134
2153135
2153136
2153137
2153138
2153139
2153140
2153141
2153142
2153143
2153144
2153145
2153146
2153147
2153148
2153149
2153150
2153151
2153152
2153153
2153154
2153155
2153156
2153157
2153158
2153159
2153160
2153161
2153162
2153163
2153164
2153165
2153166
2153167
2153168
2153169
2153170
2153171
2153172
2153173
2153174
2153175
2153176
2153177
2153178
2153179
2153180
2153181
2153182
2153183
2153184
2153185
2153186
2153187
2153188
2153189
2153190
2153191
2153192
2153193
2153194
2153195
2153196
2153197
2153198
2153199
2153200
2153201
2153202
2153203
2153204
2153205
2153206
2153207
2153208
2153209
2153210
2153211
2153212
2153213
2153214
2153215
2153216
2153217
2153218
2153219
2153220
2153221
2153222
2153223
2153224
2153225
2153226
2153227
2153228
2153229
2153230
2153231
2153232
2153233
2153234
2153235
2153236
2153237
2153238
2153239
2153240
2153241
2153242
2153243
2153244
2153245
2153246
2153247
2153248
2153249
2153250
2153251
2153252
2153253
2153254
2153255
2153256
2153257
2153258
2153259
2153260
2153261
2153262
2153263
2153264
2153265
2153266
2153267
2153268
2153269
2153270
2153271
2153272
2153273
2153274
2153275
2153276
2153277
2153278
2153279
2153280
2153281
2153282
2153283
2153284
2153285
2153286
2153287
2153288
2153289
2153290
2153291
2153292
2153293
2153294
2153295
2153296
2153297
2153298
2153299
2153300
2153301
2153302
2153303
2153304
2153305
2153306
2153307
2153308
2153309
2153310
2153311
2153312
2153313
2153314
2153315
2153316
2153317
2153318
2153319
2153320
2153321
2153322
2153323
2153324
2153325
2153326
2153327
2153328
2153329
2153330
2153331
2153332
2153333
2153334
2153335
2153336
2153337
2153338
2153339
2153340
2153341
2153342
2153343
2153344
2153345
2153346
2153347
2153348
2153349
2153350
2153351
2153352
2153353
2153354
2153355
2153356
2153357
2153358
2153359
2153360
2153361
2153362
2153363
2153364
2153365
2153366
2153367
2153368
2153369
2153370
2153371
2153372
2153373
2153374
2153375
2153376
2153377
2153378
2153379
2153380
2153381
2153382
2153383
2153384
2153385
2153386
2153387
2153388
2153389
2153390
2153391
2153392
2153393
2153394
2153395
2153396
2153397
2153398
2153399
2153400
2153401
2153402
2153403
2153404
2153405
2153406
2153407
2153408
2153409
2153410
2153411
2153412
2153413
2153414
2153415
2153416
2153417
2153418
2153419
2153420
2153421
2153422
2153423
2153424
2153425
2153426
2153427
2153428
2153429
2153430
2153431
2153432
2153433
2153434
2153435
2153436
2153437
2153438
2153439
2153440
2153441
2153442
2153443
2153444
2153445
2153446
2153447
2153448
2153449
2153450
2153451
2153452
2153453
2153454
2153455
2153456
2153457
2153458
2153459
2153460
2153461
2153462
2153463
2153464
2153465
2153466
2153467
2153468
2153469
2153470
2153471
2153472
2153473
2153474
2153475
2153476
2153477
2153478
2153479
2153480
2153481
2153482
2153483
2153484
2153485
2153486
2153487
2153488
2153489
2153490
2153491
2153492
2153493
2153494
2153495
2153496
2153497
2153498
2153499
2153500
2153501
2153502
2153503
2153504
2153505
2153506
2153507
2153508
2153509
2153510
2153511
2153512
2153513
2153514
2153515
2153516
2153517
2153518
2153519
2153520
2153521
2153522
2153523
2153524
2153525
2153526
2153527
2153528
2153529
2153530
2153531
2153532
2153533
2153534
2153535
2153536
2153537
2153538
2153539
2153540
2153541
2153542
2153543
2153544
2153545
2153546
2153547
2153548
2153549
2153550
2153551
2153552
2153553
2153554
2153555
2153556
2153557
2153558
2153559
2153560
2153561
2153562
2153563
2153564
2153565
2153566
2153567
2153568
2153569
2153570
2153571
2153572
2153573
2153574
2153575
2153576
2153577
2153578
2153579
2153580
2153581
2153582
2153583
2153584
2153585
2153586
2153587
2153588
2153589
2153590
2153591
2153592
2153593
2153594
2153595
2153596
2153597
2153598
2153599
2153600
2153601
2153602
2153603
2153604
2153605
2153606
2153607
2153608
2153609
2153610
2153611
2153612
2153613
2153614
2153615
2153616
2153617
2153618
2153619
2153620
2153621
2153622
2153623
2153624
2153625
2153626
2153627
2153628
2153629
2153630
2153631
2153632
2153633
2153634
2153635
2153636
2153637
2153638
2153639
2153640
2153641
2153642
2153643
2153644
2153645
2153646
2153647
2153648
2153649
2153650
2153651
2153652
2153653
2153654
2153655
2153656
2153657
2153658
2153659
2153660
2153661
2153662
2153663
2153664
2153665
2153666
2153667
2153668
2153669
2153670
2153671
2153672
2153673
2153674
2153675
2153676
2153677
2153678
2153679
2153680
2153681
2153682
2153683
2153684
2153685
2153686
2153687
2153688
2153689
2153690
2153691
2153692
2153693
2153694
2153695
2153696
2153697
2153698
2153699
2153700
2153701
2153702
2153703
2153704
2153705
2153706
2153707
2153708
2153709
2153710
2153711
2153712
2153713
2153714
