2141650
2141651
2141652
2141653
2141654
2141655
2141656
2141657
2141658
2141659
2141660
2141661
2141662
2141663
2141664
2141665
2141666
2141667
2141668
2141669
2141670
2141671
2141672
2141673
2141674
2141675
2141676
2141677
2141678
2141679
2141680
2141681
2141682
2141683
2141684
2141685
2141686
2141687
2141688
2141689
2141690
2141691
2141692
2141693
2141694
2141695
2141696
2141697
2141698
2141699
2141700
2141701
2141702
2141703
2141704
2141705
2141706
2141707
2141708
2141709
2141710
2141711
2141712
2141713
2141714
2141715
2141716
2141717
2141718
2141719
2141720
2141721
2141722
2141723
2141724
2141725
2141726
2141727
2141728
2141729
2141730
2141731
2141732
2141733
2141734
2141735
2141736
2141737
2141738
2141739
2141740
2141741
2141742
2141743
2141744
2141745
2141746
2141747
2141748
2141749
2141750
2141751
2141752
2141753
2141754
2141755
2141756
2141757
2141758
2141759
2141760
2141761
2141762
2141763
2141764
2141765
2141766
2141767
2141768
2141769
2141770
2141771
2141772
2141773
2141774
2141775
2141776
2141777
2141778
2141779
2141780
2141781
2141782
2141783
2141784
2141785
2141786
2141787
2141788
2141789
2141790
2141791
2141792
2141793
2141794
2141795
2141796
2141797
2141798
2141799
2141800
2141801
2141802
2141803
2141804
2141805
2141806
2141807
2141808
2141809
2141810
2141811
2141812
2141813
2141814
2141815
2141816
2141817
2141818
2141819
2141820
2141821
2141822
2141823
2141824
2141825
2141826
2141827
2141828
2141829
2141830
2141831
2141832
2141833
2141834
2141835
2141836
2141837
2141838
2141839
2141840
2141841
2141842
2141843
2141844
2141845
2141846
2141847
2141848
2141849
2141850
2141851
2141852
2141853
2141854
2141855
2141856
2141857
2141858
2141859
2141860
2141861
2141862
2141863
2141864
2141865
2141866
2141867
2141868
2141869
2141870
2141871
2141872
2141873
2141874
2141875
2141876
2141877
2141878
2141879
2141880
2141881
2141882
2141883
2141884
2141885
2141886
2141887
2141888
2141889
2141890
2141891
2141892
2141893
2141894
2141895
2141896
2141897
2141898
2141899
2141900
2141901
2141902
2141903
2141904
2141905
2141906
2141907
2141908
2141909
2141910
2141911
2141912
2141913
2141914
2141915
2141916
2141917
2141918
2141919
2141920
2141921
2141922
2141923
2141924
2141925
2141926
2141927
2141928
2141929
2141930
2141931
2141932
2141933
2141934
2141935
2141936
2141937
2141938
2141939
2141940
2141941
2141942
2141943
2141944
2141945
2141946
2141947
2141948
2141949
2141950
2141951
2141952
2141953
2141954
2141955
2141956
2141957
2141958
2141959
2141960
2141961
2141962
2141963
2141964
2141965
2141966
2141967
2141968
2141969
2141970
2141971
2141972
2141973
2141974
2141975
2141976
2141977
2141978
2141979
2141980
2141981
2141982
2141983
2141984
2141985
2141986
2141987
2141988
2141989
2141990
2141991
2141992
2141993
2141994
2141995
2141996
2141997
2141998
2141999
2142000
2142001
2142002
2142003
2142004
2142005
2142006
2142007
2142008
2142009
2142010
2142011
2142012
2142013
2142014
2142015
2142016
2142017
2142018
2142019
2142020
2142021
2142022
2142023
2142024
2142025
2142026
2142027
2142028
2142029
2142030
2142031
2142032
2142033
2142034
