2136676
2136677
2136678
2136679
2136680
2136681
2136682
2136683
2136684
2136685
2136686
2136687
2136688
2136689
2136690
2136691
2136692
2136693
2136694
2136695
2136696
2136697
2136698
2136699
2136700
2136701
2136702
2136703
2136704
2136705
2136706
2136707
2136708
2136709
2136710
2136711
2136712
2136713
2136714
2136715
2136716
2136717
2136718
2136719
2136720
2136721
2136722
2136723
2136724
2136725
2136726
2136727
2136728
2136729
2136730
2136731
2136732
2136733
2136734
2136735
2136736
2136737
2136738
2136739
2136740
2136741
2136742
2136743
2136744
2136745
2136746
2136747
2136748
2136749
2136750
2136751
2136752
2136753
2136754
2136755
2136756
2136757
2136758
2136759
2136760
2136761
2136762
2136763
2136764
2136765
2136766
2136767
2136768
2136769
2136770
2136771
2136772
2136773
2136774
2136775
2136776
2136777
2136778
2136779
2136780
2136781
2136782
2136783
2136784
2136785
2136786
2136787
2136788
2136789
2136790
2136791
2136792
2136793
2136794
2136795
2136796
2136797
2136798
2136799
2136800
2136801
2136802
2136803
2136804
2136805
2136806
2136807
2136808
2136809
2136810
2136811
2136812
2136813
2136814
2136815
2136816
2136817
2136818
2136819
2136820
2136821
2136822
2136823
2136824
2136825
2136826
2136827
2136828
2136829
2136830
2136831
2136832
2136833
2136834
2136835
2136836
2136837
2136838
2136839
2136840
2136841
2136842
2136843
2136844
2136845
2136846
2136847
2136848
2136849
2136850
2136851
2136852
2136853
2136854
2136855
2136856
2136857
2136858
2136859
2136860
2136861
2136862
2136863
2136864
2136865
2136866
2136867
2136868
2136869
2136870
2136871
2136872
2136873
2136874
2136875
2136876
2136877
2136878
2136879
2136880
2136881
2136882
2136883
2136884
2136885
2136886
2136887
2136888
2136889
2136890
2136891
2136892
2136893
2136894
2136895
2136896
2136897
2136898
2136899
2136900
2136901
2136902
2136903
2136904
2136905
2136906
2136907
2136908
2136909
2136910
2136911
2136912
2136913
2136914
2136915
2136916
2136917
2136918
2136919
2136920
2136921
2136922
2136923
2136924
2136925
2136926
2136927
2136928
2136929
2136930
2136931
2136932
2136933
2136934
2136935
2136936
2136937
2136938
2136939
2136940
2136941
2136942
2136943
2136944
2136945
2136946
2136947
2136948
2136949
2136950
2136951
2136952
2136953
2136954
2136955
2136956
2136957
2136958
2136959
2136960
2136961
2136962
2136963
2136964
2136965
2136966
2136967
2136968
2136969
2136970
2136971
2136972
2136973
2136974
2136975
2136976
2136977
2136978
2136979
2136980
2136981
2136982
2136983
2136984
2136985
2136986
2136987
2136988
2136989
2136990
2136991
2136992
2136993
2136994
2136995
2136996
2136997
2136998
2136999
2137000
2137001
2137002
2137003
