2151579
2151580
2151581
2151582
2151583
2151584
2151585
2151586
2151587
2151588
2151589
2151590
2151591
2151592
2151593
2151594
2151595
2151596
2151597
2151598
2151599
2151600
2151601
2151602
2151603
2151604
2151605
2151606
2151607
2151608
2151609
2151610
2151611
2151612
2151613
2151614
2151615
2151616
2151617
2151618
2151619
2151620
2151621
2151622
2151623
2151624
2151625
2151626
2151627
2151628
2151629
2151630
2151631
2151632
2151633
2151634
2151635
2151636
2151637
2151638
2151639
2151640
2151641
2151642
2151643
2151644
2151645
2151646
2151647
2151648
2151649
2151650
2151651
2151652
2151653
2151654
2151655
2151656
2151657
2151658
2151659
2151660
2151661
2151662
2151663
2151664
2151665
2151666
2151667
2151668
2151669
2151670
2151671
2151672
2151673
2151674
2151675
2151676
2151677
2151678
2151679
2151680
2151681
2151682
2151683
2151684
2151685
2151686
2151687
2151688
2151689
2151690
2151691
2151692
2151693
2151694
2151695
2151696
2151697
2151698
2151699
2151700
2151701
2151702
2151703
2151704
2151705
2151706
2151707
2151708
2151709
2151710
2151711
2151712
2151713
2151714
2151715
2151716
2151717
2151718
2151719
2151720
2151721
2151722
2151723
2151724
2151725
2151726
2151727
2151728
2151729
2151730
2151731
2151732
2151733
2151734
2151735
2151736
2151737
2151738
2151739
2151740
2151741
2151742
2151743
2151744
2151745
2151746
2151747
2151748
2151749
2151750
2151751
2151752
2151753
2151754
2151755
2151756
2151757
2151758
2151759
2151760
2151761
2151762
2151763
2151764
2151765
2151766
2151767
2151768
2151769
2151770
2151771
2151772
2151773
2151774
2151775
2151776
2151777
2151778
2151779
2151780
2151781
2151782
2151783
2151784
2151785
2151786
2151787
2151788
2151789
2151790
2151791
2151792
2151793
2151794
2151795
2151796
2151797
2151798
2151799
2151800
2151801
2151802
2151803
2151804
2151805
2151806
2151807
2151808
2151809
2151810
2151811
2151812
2151813
2151814
2151815
2151816
2151817
2151818
2151819
2151820
2151821
2151822
2151823
2151824
2151825
2151826
2151827
2151828
2151829
2151830
2151831
2151832
2151833
2151834
2151835
2151836
2151837
2151838
2151839
2151840
2151841
2151842
2151843
2151844
2151845
2151846
2151847
2151848
2151849
2151850
2151851
2151852
2151853
2151854
2151855
2151856
2151857
2151858
2151859
2151860
2151861
2151862
2151863
2151864
2151865
2151866
2151867
2151868
2151869
2151870
2151871
2151872
2151873
2151874
2151875
2151876
2151877
2151878
2151879
2151880
2151881
2151882
2151883
2151884
2151885
2151886
2151887
2151888
2151889
2151890
2151891
2151892
2151893
2151894
2151895
2151896
2151897
2151898
2151899
2151900
2151901
2151902
2151903
2151904
2151905
2151906
2151907
2151908
2151909
2151910
2151911
2151912
2151913
2151914
2151915
2151916
2151917
2151918
2151919
2151920
2151921
2151922
2151923
2151924
2151925
2151926
2151927
2151928
2151929
2151930
2151931
2151932
2151933
2151934
2151935
2151936
2151937
2151938
2151939
2151940
2151941
2151942
2151943
2151944
2151945
2151946
2151947
2151948
2151949
2151950
2151951
2151952
2151953
2151954
2151955
2151956
2151957
2151958
2151959
2151960
2151961
2151962
2151963
2151964
2151965
2151966
2151967
2151968
2151969
2151970
2151971
2151972
2151973
2151974
2151975
2151976
2151977
2151978
2151979
2151980
2151981
2151982
2151983
2151984
2151985
2151986
2151987
2151988
2151989
2151990
2151991
2151992
2151993
2151994
2151995
2151996
2151997
2151998
2151999
2152000
2152001
2152002
2152003
2152004
2152005
2152006
2152007
2152008
2152009
2152010
2152011
2152012
2152013
2152014
2152015
2152016
2152017
2152018
2152019
2152020
2152021
2152022
2152023
2152024
2152025
2152026
2152027
2152028
2152029
2152030
2152031
2152032
2152033
2152034
2152035
2152036
2152037
2152038
2152039
2152040
2152041
2152042
2152043
2152044
2152045
2152046
2152047
2152048
2152049
2152050
2152051
2152052
2152053
2152054
2152055
2152056
2152057
2152058
2152059
2152060
2152061
2152062
2152063
2152064
2152065
2152066
2152067
2152068
2152069
2152070
2152071
2152072
2152073
2152074
2152075
2152076
2152077
2152078
2152079
2152080
2152081
2152082
2152083
2152084
2152085
2152086
2152087
2152088
2152089
2152090
2152091
2152092
2152093
2152094
2152095
2152096
2152097
2152098
2152099
2152100
2152101
2152102
2152103
2152104
