2155097
2155098
2155099
2155100
2155101
2155102
2155103
2155104
2155105
2155106
2155107
2155108
2155109
2155110
2155111
2155112
2155113
2155114
2155115
2155116
2155117
2155118
2155119
2155120
2155121
2155122
2155123
2155124
2155125
2155126
2155127
2155128
2155129
2155130
2155131
2155132
2155133
2155134
2155135
2155136
2155137
2155138
2155139
2155140
2155141
2155142
2155143
2155144
2155145
2155146
2155147
2155148
2155149
2155150
2155151
2155152
2155153
2155154
2155155
2155156
2155157
2155158
2155159
2155160
2155161
2155162
2155163
2155164
2155165
2155166
2155167
2155168
2155169
2155170
2155171
2155172
2155173
2155174
2155175
2155176
2155177
2155178
2155179
2155180
2155181
2155182
2155183
2155184
2155185
2155186
2155187
2155188
2155189
2155190
2155191
2155192
2155193
2155194
2155195
2155196
2155197
2155198
2155199
2155200
2155201
2155202
2155203
2155204
2155205
2155206
2155207
2155208
2155209
2155210
2155211
2155212
2155213
2155214
2155215
2155216
2155217
2155218
2155219
2155220
2155221
2155222
2155223
2155224
2155225
2155226
2155227
2155228
2155229
2155230
2155231
2155232
2155233
2155234
2155235
2155236
2155237
2155238
2155239
2155240
2155241
2155242
2155243
2155244
2155245
2155246
2155247
2155248
2155249
2155250
2155251
2155252
2155253
2155254
2155255
2155256
2155257
2155258
2155259
2155260
2155261
2155262
2155263
2155264
2155265
2155266
2155267
2155268
2155269
2155270
2155271
2155272
2155273
2155274
2155275
2155276
2155277
2155278
2155279
2155280
2155281
2155282
2155283
2155284
2155285
2155286
2155287
2155288
2155289
2155290
2155291
2155292
2155293
2155294
2155295
2155296
2155297
2155298
2155299
2155300
2155301
2155302
2155303
2155304
2155305
2155306
2155307
2155308
2155309
2155310
2155311
2155312
2155313
2155314
2155315
2155316
2155317
2155318
2155319
2155320
2155321
2155322
2155323
2155324
2155325
2155326
2155327
2155328
2155329
2155330
2155331
2155332
2155333
2155334
2155335
2155336
2155337
2155338
2155339
2155340
2155341
2155342
2155343
2155344
2155345
2155346
2155347
2155348
2155349
2155350
2155351
2155352
2155353
2155354
2155355
2155356
2155357
2155358
2155359
2155360
2155361
2155362
2155363
2155364
2155365
2155366
2155367
2155368
2155369
2155370
2155371
2155372
2155373
2155374
2155375
2155376
2155377
2155378
2155379
2155380
2155381
2155382
2155383
2155384
2155385
2155386
2155387
2155388
2155389
2155390
2155391
2155392
2155393
2155394
2155395
2155396
2155397
2155398
2155399
2155400
2155401
2155402
2155403
2155404
2155405
2155406
2155407
2155408
2155409
2155410
2155411
2155412
2155413
2155414
2155415
2155416
2155417
2155418
2155419
2155420
2155421
2155422
2155423
2155424
2155425
2155426
2155427
2155428
2155429
2155430
2155431
2155432
2155433
2155434
2155435
2155436
2155437
2155438
2155439
2155440
2155441
2155442
2155443
2155444
2155445
2155446
2155447
2155448
2155449
2155450
2155451
2155452
2155453
2155454
2155455
2155456
2155457
2155458
2155459
2155460
2155461
2155462
2155463
2155464
2155465
2155466
2155467
2155468
2155469
2155470
2155471
2155472
2155473
2155474
2155475
2155476
2155477
2155478
2155479
2155480
2155481
2155482
2155483
2155484
2155485
2155486
2155487
2155488
2155489
2155490
2155491
2155492
2155493
2155494
2155495
2155496
2155497
2155498
2155499
2155500
2155501
2155502
2155503
2155504
2155505
2155506
2155507
2155508
2155509
2155510
2155511
2155512
2155513
2155514
2155515
2155516
2155517
2155518
2155519
2155520
2155521
2155522
2155523
2155524
2155525
2155526
2155527
2155528
2155529
2155530
2155531
2155532
2155533
2155534
2155535
2155536
2155537
2155538
2155539
2155540
2155541
2155542
2155543
2155544
2155545
2155546
2155547
2155548
2155549
2155550
2155551
2155552
2155553
2155554
2155555
2155556
2155557
2155558
2155559
2155560
2155561
2155562
2155563
2155564
2155565
2155566
2155567
2155568
2155569
2155570
2155571
2155572
2155573
2155574
2155575
2155576
2155577
2155578
2155579
2155580
2155581
2155582
2155583
2155584
2155585
2155586
2155587
2155588
2155589
2155590
2155591
2155592
2155593
2155594
2155595
2155596
2155597
2155598
2155599
2155600
2155601
2155602
2155603
2155604
2155605
2155606
2155607
2155608
2155609
2155610
2155611
2155612
2155613
2155614
2155615
2155616
2155617
2155618
2155619
2155620
2155621
2155622
2155623
2155624
2155625
2155626
2155627
2155628
2155629
2155630
2155631
2155632
2155633
2155634
2155635
2155636
2155637
2155638
2155639
2155640
2155641
2155642
2155643
2155644
2155645
2155646
2155647
2155648
2155649
2155650
2155651
2155652
