2150694
2150695
2150696
2150697
2150698
2150699
2150700
2150701
2150702
2150703
2150704
2150705
2150706
2150707
2150708
2150709
2150710
2150711
2150712
2150713
2150714
2150715
2150716
2150717
2150718
2150719
2150720
2150721
2150722
2150723
2150724
2150725
2150726
2150727
2150728
2150729
2150730
2150731
2150732
2150733
2150734
2150735
2150736
2150737
2150738
2150739
2150740
2150741
2150742
2150743
2150744
2150745
2150746
2150747
2150748
2150749
2150750
2150751
2150752
2150753
2150754
2150755
2150756
2150757
2150758
2150759
2150760
2150761
2150762
2150763
2150764
2150765
2150766
2150767
2150768
2150769
2150770
2150771
2150772
2150773
2150774
2150775
2150776
2150777
2150778
2150779
2150780
2150781
2150782
2150783
2150784
2150785
2150786
2150787
2150788
2150789
2150790
2150791
2150792
2150793
2150794
2150795
2150796
2150797
2150798
2150799
2150800
2150801
2150802
2150803
2150804
2150805
2150806
2150807
2150808
2150809
2150810
2150811
2150812
2150813
2150814
2150815
2150816
2150817
2150818
2150819
2150820
2150821
2150822
2150823
2150824
2150825
2150826
2150827
2150828
2150829
2150830
2150831
2150832
2150833
2150834
2150835
2150836
2150837
2150838
2150839
2150840
2150841
2150842
2150843
2150844
2150845
2150846
2150847
2150848
2150849
2150850
2150851
2150852
2150853
2150854
2150855
2150856
2150857
2150858
2150859
2150860
2150861
2150862
2150863
2150864
2150865
2150866
2150867
2150868
2150869
2150870
2150871
2150872
2150873
2150874
2150875
2150876
2150877
2150878
2150879
2150880
2150881
2150882
2150883
2150884
2150885
2150886
2150887
2150888
2150889
2150890
2150891
2150892
2150893
2150894
2150895
2150896
2150897
2150898
2150899
2150900
2150901
2150902
2150903
2150904
2150905
2150906
2150907
2150908
2150909
2150910
2150911
2150912
2150913
2150914
2150915
2150916
2150917
2150918
2150919
2150920
2150921
2150922
2150923
2150924
2150925
2150926
2150927
2150928
2150929
2150930
2150931
2150932
2150933
2150934
2150935
2150936
2150937
2150938
2150939
2150940
2150941
2150942
2150943
2150944
2150945
2150946
2150947
2150948
2150949
2150950
2150951
2150952
2150953
2150954
2150955
2150956
2150957
2150958
2150959
2150960
2150961
2150962
2150963
2150964
2150965
2150966
2150967
2150968
2150969
2150970
2150971
2150972
2150973
2150974
2150975
2150976
2150977
2150978
2150979
2150980
2150981
2150982
2150983
2150984
2150985
2150986
2150987
2150988
2150989
2150990
2150991
2150992
2150993
2150994
2150995
2150996
2150997
2150998
2150999
2151000
2151001
2151002
2151003
2151004
2151005
2151006
2151007
2151008
2151009
2151010
2151011
2151012
2151013
2151014
2151015
2151016
2151017
2151018
2151019
2151020
2151021
2151022
2151023
2151024
2151025
2151026
2151027
2151028
2151029
2151030
2151031
2151032
2151033
2151034
2151035
2151036
2151037
2151038
2151039
2151040
2151041
2151042
2151043
2151044
2151045
2151046
2151047
2151048
2151049
2151050
2151051
2151052
2151053
2151054
2151055
2151056
2151057
2151058
2151059
2151060
2151061
2151062
2151063
2151064
2151065
2151066
2151067
2151068
2151069
2151070
2151071
2151072
2151073
2151074
2151075
2151076
2151077
2151078
2151079
2151080
2151081
2151082
2151083
2151084
2151085
2151086
2151087
2151088
2151089
2151090
2151091
2151092
2151093
2151094
2151095
2151096
2151097
2151098
2151099
2151100
2151101
2151102
2151103
2151104
2151105
2151106
2151107
2151108
2151109
2151110
2151111
2151112
