2141213
2141214
2141215
2141216
2141217
2141218
2141219
2141220
2141221
2141222
2141223
2141224
2141225
2141226
2141227
2141228
2141229
2141230
2141231
2141232
2141233
2141234
2141235
2141236
2141237
2141238
2141239
2141240
2141241
2141242
2141243
2141244
2141245
2141246
2141247
2141248
2141249
2141250
2141251
2141252
2141253
2141254
2141255
2141256
2141257
2141258
2141259
2141260
2141261
2141262
2141263
2141264
2141265
2141266
2141267
2141268
2141269
2141270
2141271
2141272
2141273
2141274
2141275
2141276
2141277
2141278
2141279
2141280
2141281
2141282
2141283
2141284
2141285
2141286
2141287
2141288
2141289
2141290
2141291
2141292
2141293
2141294
2141295
2141296
2141297
2141298
2141299
2141300
2141301
2141302
2141303
2141304
2141305
2141306
2141307
2141308
2141309
2141310
2141311
2141312
2141313
2141314
2141315
2141316
2141317
2141318
2141319
2141320
2141321
2141322
2141323
2141324
2141325
2141326
2141327
2141328
2141329
2141330
2141331
2141332
2141333
2141334
2141335
2141336
2141337
2141338
2141339
2141340
2141341
2141342
2141343
2141344
2141345
2141346
2141347
2141348
2141349
2141350
2141351
2141352
2141353
2141354
2141355
2141356
2141357
2141358
2141359
2141360
2141361
2141362
2141363
2141364
2141365
2141366
2141367
2141368
2141369
2141370
2141371
2141372
2141373
2141374
2141375
2141376
2141377
2141378
2141379
2141380
2141381
2141382
2141383
2141384
2141385
2141386
2141387
2141388
2141389
2141390
2141391
2141392
2141393
2141394
2141395
2141396
2141397
2141398
2141399
2141400
2141401
2141402
2141403
2141404
2141405
2141406
2141407
2141408
2141409
2141410
2141411
2141412
2141413
2141414
2141415
2141416
2141417
2141418
2141419
2141420
2141421
2141422
2141423
2141424
2141425
2141426
2141427
2141428
2141429
2141430
2141431
2141432
2141433
2141434
2141435
2141436
2141437
2141438
2141439
2141440
2141441
2141442
2141443
2141444
2141445
2141446
2141447
2141448
2141449
2141450
2141451
2141452
2141453
2141454
2141455
2141456
2141457
2141458
2141459
2141460
2141461
2141462
2141463
2141464
2141465
2141466
2141467
2141468
2141469
2141470
2141471
2141472
2141473
2141474
2141475
2141476
2141477
2141478
2141479
2141480
2141481
2141482
2141483
2141484
2141485
2141486
2141487
2141488
2141489
2141490
2141491
2141492
2141493
2141494
2141495
2141496
2141497
2141498
2141499
2141500
2141501
2141502
2141503
2141504
2141505
2141506
2141507
2141508
2141509
2141510
2141511
2141512
2141513
2141514
2141515
2141516
2141517
2141518
2141519
2141520
2141521
2141522
2141523
2141524
2141525
2141526
2141527
2141528
2141529
2141530
2141531
2141532
2141533
2141534
2141535
2141536
2141537
2141538
2141539
2141540
2141541
2141542
2141543
2141544
2141545
2141546
2141547
2141548
2141549
2141550
2141551
2141552
2141553
2141554
2141555
2141556
2141557
2141558
2141559
2141560
2141561
2141562
2141563
2141564
2141565
2141566
2141567
2141568
2141569
2141570
2141571
2141572
2141573
2141574
2141575
2141576
2141577
2141578
2141579
2141580
2141581
2141582
2141583
2141584
2141585
2141586
2141587
2141588
2141589
2141590
2141591
2141592
2141593
2141594
2141595
2141596
2141597
2141598
2141599
2141600
2141601
2141602
2141603
2141604
2141605
2141606
2141607
2141608
2141609
2141610
2141611
2141612
2141613
2141614
2141615
2141616
2141617
2141618
2141619
2141620
2141621
2141622
2141623
