2151121
2151122
2151123
2151124
2151125
2151126
2151127
2151128
2151129
2151130
2151131
2151132
2151133
2151134
2151135
2151136
2151137
2151138
2151139
2151140
2151141
2151142
2151143
2151144
2151145
2151146
2151147
2151148
2151149
2151150
2151151
2151152
2151153
2151154
2151155
2151156
2151157
2151158
2151159
2151160
2151161
2151162
2151163
2151164
2151165
2151166
2151167
2151168
2151169
2151170
2151171
2151172
2151173
2151174
2151175
2151176
2151177
2151178
2151179
2151180
2151181
2151182
2151183
2151184
2151185
2151186
2151187
2151188
2151189
2151190
2151191
2151192
2151193
2151194
2151195
2151196
2151197
2151198
2151199
2151200
2151201
2151202
2151203
2151204
2151205
2151206
2151207
2151208
2151209
2151210
2151211
2151212
2151213
2151214
2151215
2151216
2151217
2151218
2151219
2151220
2151221
2151222
2151223
2151224
2151225
2151226
2151227
2151228
2151229
2151230
2151231
2151232
2151233
2151234
2151235
2151236
2151237
2151238
2151239
2151240
2151241
2151242
2151243
2151244
2151245
2151246
2151247
2151248
2151249
2151250
2151251
2151252
2151253
2151254
2151255
2151256
2151257
2151258
2151259
2151260
2151261
2151262
2151263
2151264
2151265
2151266
2151267
2151268
2151269
2151270
2151271
2151272
2151273
2151274
2151275
2151276
2151277
2151278
2151279
2151280
2151281
2151282
2151283
2151284
2151285
2151286
2151287
2151288
2151289
2151290
2151291
2151292
2151293
2151294
2151295
2151296
2151297
2151298
2151299
2151300
2151301
2151302
2151303
2151304
2151305
2151306
2151307
2151308
2151309
2151310
2151311
2151312
2151313
2151314
2151315
2151316
2151317
2151318
2151319
2151320
2151321
2151322
2151323
2151324
2151325
2151326
2151327
2151328
2151329
2151330
2151331
2151332
2151333
2151334
2151335
2151336
2151337
2151338
2151339
2151340
2151341
2151342
2151343
2151344
2151345
2151346
2151347
2151348
2151349
2151350
2151351
2151352
2151353
2151354
2151355
2151356
2151357
2151358
2151359
2151360
2151361
2151362
2151363
2151364
2151365
2151366
2151367
2151368
2151369
2151370
2151371
2151372
2151373
2151374
2151375
2151376
2151377
2151378
2151379
2151380
2151381
2151382
2151383
2151384
2151385
2151386
2151387
2151388
2151389
2151390
2151391
2151392
2151393
2151394
2151395
2151396
2151397
2151398
2151399
2151400
2151401
2151402
2151403
2151404
2151405
2151406
2151407
2151408
2151409
2151410
2151411
2151412
2151413
2151414
2151415
2151416
2151417
2151418
2151419
2151420
2151421
2151422
2151423
2151424
2151425
2151426
2151427
2151428
2151429
2151430
2151431
2151432
2151433
2151434
2151435
2151436
2151437
2151438
2151439
2151440
2151441
2151442
2151443
2151444
2151445
2151446
2151447
2151448
2151449
2151450
2151451
2151452
2151453
2151454
2151455
2151456
2151457
2151458
2151459
2151460
2151461
2151462
2151463
2151464
2151465
2151466
2151467
2151468
2151469
2151470
2151471
2151472
2151473
2151474
2151475
2151476
2151477
2151478
2151479
2151480
2151481
2151482
2151483
2151484
2151485
2151486
2151487
2151488
2151489
2151490
2151491
2151492
2151493
2151494
2151495
2151496
2151497
2151498
2151499
2151500
2151501
2151502
2151503
2151504
2151505
2151506
2151507
2151508
2151509
2151510
2151511
2151512
2151513
2151514
2151515
2151516
2151517
2151518
2151519
2151520
2151521
2151522
2151523
2151524
2151525
2151526
2151527
2151528
2151529
2151530
2151531
2151532
2151533
2151534
2151535
2151536
2151537
2151538
2151539
2151540
2151541
2151542
2151543
2151544
2151545
2151546
2151547
2151548
2151549
2151550
2151551
2151552
2151553
2151554
2151555
2151556
2151557
2151558
2151559
2151560
2151561
2151562
2151563
2151564
2151565
2151566
2151567
2151568
2151569
2151570
2151571
2151572
2151573
