2145998
2145999
2146000
2146001
2146002
2146003
2146004
2146005
2146006
2146007
2146008
2146009
2146010
2146011
2146012
2146013
2146014
2146015
2146016
2146017
2146018
2146019
2146020
2146021
2146022
2146023
2146024
2146025
2146026
2146027
2146028
2146029
2146030
2146031
2146032
2146033
2146034
2146035
2146036
2146037
2146038
2146039
2146040
2146041
2146042
2146043
2146044
2146045
2146046
2146047
2146048
2146049
2146050
2146051
2146052
2146053
2146054
2146055
2146056
2146057
2146058
2146059
2146060
2146061
2146062
2146063
2146064
2146065
2146066
2146067
2146068
2146069
2146070
2146071
2146072
2146073
2146074
2146075
2146076
2146077
2146078
2146079
2146080
2146081
2146082
2146083
2146084
2146085
2146086
2146087
2146088
2146089
2146090
2146091
2146092
2146093
2146094
2146095
2146096
2146097
2146098
2146099
2146100
2146101
2146102
2146103
2146104
2146105
2146106
2146107
2146108
2146109
2146110
2146111
2146112
2146113
2146114
2146115
2146116
2146117
2146118
2146119
2146120
2146121
2146122
2146123
2146124
2146125
2146126
2146127
2146128
2146129
2146130
2146131
2146132
2146133
2146134
2146135
2146136
2146137
2146138
2146139
2146140
2146141
2146142
2146143
2146144
2146145
2146146
2146147
2146148
2146149
2146150
2146151
2146152
2146153
2146154
2146155
2146156
2146157
2146158
2146159
2146160
2146161
2146162
2146163
2146164
2146165
2146166
2146167
2146168
2146169
2146170
2146171
2146172
2146173
2146174
2146175
2146176
2146177
2146178
2146179
2146180
2146181
2146182
2146183
2146184
2146185
2146186
2146187
2146188
2146189
2146190
2146191
2146192
2146193
2146194
2146195
2146196
2146197
2146198
2146199
2146200
2146201
2146202
2146203
2146204
2146205
2146206
2146207
2146208
2146209
2146210
2146211
2146212
2146213
2146214
2146215
2146216
2146217
2146218
2146219
2146220
2146221
2146222
2146223
2146224
2146225
2146226
2146227
2146228
2146229
2146230
2146231
2146232
2146233
2146234
2146235
2146236
2146237
2146238
2146239
2146240
2146241
2146242
2146243
2146244
2146245
2146246
2146247
2146248
2146249
2146250
2146251
2146252
2146253
2146254
2146255
2146256
2146257
2146258
2146259
2146260
2146261
2146262
2146263
2146264
2146265
2146266
2146267
2146268
2146269
2146270
2146271
2146272
2146273
2146274
2146275
2146276
2146277
2146278
2146279
2146280
2146281
2146282
2146283
2146284
2146285
2146286
2146287
2146288
2146289
2146290
2146291
2146292
2146293
2146294
2146295
2146296
2146297
2146298
2146299
2146300
2146301
2146302
2146303
2146304
2146305
2146306
2146307
2146308
2146309
2146310
2146311
2146312
2146313
2146314
2146315
2146316
2146317
2146318
2146319
2146320
2146321
2146322
2146323
2146324
2146325
2146326
2146327
2146328
2146329
2146330
2146331
2146332
2146333
2146334
2146335
2146336
2146337
2146338
2146339
2146340
2146341
2146342
2146343
2146344
2146345
2146346
2146347
2146348
2146349
2146350
2146351
2146352
2146353
2146354
2146355
2146356
2146357
2146358
2146359
2146360
2146361
2146362
2146363
2146364
2146365
2146366
2146367
2146368
2146369
2146370
2146371
2146372
2146373
2146374
2146375
2146376
2146377
2146378
