2143889
2143890
2143891
2143892
2143893
2143894
2143895
2143896
2143897
2143898
2143899
2143900
2143901
2143902
2143903
2143904
2143905
2143906
2143907
2143908
2143909
2143910
2143911
2143912
2143913
2143914
2143915
2143916
2143917
2143918
2143919
2143920
2143921
2143922
2143923
2143924
2143925
2143926
2143927
2143928
2143929
2143930
2143931
2143932
2143933
2143934
2143935
2143936
2143937
2143938
2143939
2143940
2143941
2143942
2143943
2143944
2143945
2143946
2143947
2143948
2143949
2143950
2143951
2143952
2143953
2143954
2143955
2143956
2143957
2143958
2143959
2143960
2143961
2143962
2143963
2143964
2143965
2143966
2143967
2143968
2143969
2143970
2143971
2143972
2143973
2143974
2143975
2143976
2143977
2143978
2143979
2143980
2143981
2143982
2143983
2143984
2143985
2143986
2143987
2143988
2143989
2143990
2143991
2143992
2143993
2143994
2143995
2143996
2143997
2143998
2143999
2144000
2144001
2144002
2144003
2144004
2144005
2144006
2144007
2144008
2144009
2144010
2144011
2144012
2144013
2144014
2144015
2144016
2144017
2144018
2144019
2144020
2144021
2144022
2144023
2144024
2144025
2144026
2144027
2144028
2144029
2144030
2144031
2144032
2144033
2144034
2144035
2144036
2144037
2144038
2144039
2144040
2144041
2144042
2144043
2144044
2144045
2144046
2144047
2144048
2144049
2144050
2144051
2144052
2144053
2144054
2144055
2144056
2144057
2144058
2144059
2144060
2144061
2144062
2144063
2144064
2144065
2144066
2144067
2144068
2144069
2144070
2144071
2144072
2144073
2144074
2144075
2144076
2144077
2144078
2144079
2144080
2144081
2144082
2144083
2144084
2144085
2144086
2144087
2144088
2144089
2144090
2144091
2144092
2144093
2144094
2144095
2144096
2144097
2144098
2144099
2144100
2144101
2144102
2144103
2144104
2144105
2144106
2144107
2144108
2144109
2144110
2144111
2144112
2144113
2144114
2144115
2144116
2144117
2144118
2144119
2144120
2144121
2144122
2144123
2144124
2144125
2144126
2144127
2144128
2144129
2144130
2144131
2144132
2144133
2144134
2144135
2144136
2144137
2144138
2144139
2144140
2144141
2144142
2144143
2144144
2144145
2144146
2144147
2144148
2144149
2144150
2144151
2144152
2144153
2144154
2144155
2144156
2144157
2144158
2144159
2144160
2144161
2144162
2144163
2144164
2144165
2144166
2144167
2144168
2144169
2144170
2144171
2144172
2144173
2144174
2144175
2144176
2144177
2144178
2144179
2144180
2144181
2144182
2144183
2144184
2144185
2144186
2144187
2144188
2144189
2144190
2144191
2144192
2144193
2144194
2144195
2144196
2144197
2144198
2144199
2144200
2144201
2144202
2144203
2144204
2144205
2144206
2144207
2144208
2144209
2144210
2144211
2144212
2144213
2144214
2144215
2144216
2144217
2144218
2144219
2144220
2144221
2144222
2144223
2144224
2144225
2144226
2144227
2144228
2144229
2144230
2144231
2144232
2144233
2144234
2144235
2144236
2144237
2144238
2144239
2144240
2144241
2144242
2144243
2144244
2144245
2144246
2144247
2144248
2144249
2144250
2144251
2144252
2144253
2144254
2144255
2144256
2144257
2144258
2144259
2144260
2144261
2144262
2144263
2144264
2144265
2144266
2144267
2144268
2144269
2144270
2144271
2144272
2144273
2144274
2144275
2144276
2144277
2144278
2144279
2144280
2144281
2144282
2144283
2144284
2144285
2144286
2144287
2144288
2144289
2144290
2144291
2144292
2144293
2144294
2144295
2144296
2144297
2144298
2144299
2144300
2144301
2144302
2144303
2144304
2144305
2144306
2144307
2144308
2144309
2144310
2144311
2144312
2144313
2144314
2144315
2144316
2144317
2144318
2144319
2144320
2144321
2144322
2144323
2144324
2144325
2144326
2144327
2144328
2144329
2144330
2144331
2144332
2144333
2144334
2144335
2144336
2144337
2144338
2144339
2144340
2144341
2144342
2144343
2144344
2144345
2144346
2144347
2144348
2144349
2144350
2144351
2144352
2144353
2144354
2144355
2144356
2144357
2144358
2144359
2144360
2144361
