2160567
2160568
2160569
2160570
2160571
2160572
2160573
2160574
2160575
2160576
2160577
2160578
2160579
2160580
2160581
2160582
2160583
2160584
2160585
2160586
2160587
2160588
2160589
2160590
2160591
2160592
2160593
2160594
2160595
2160596
2160597
2160598
2160599
2160600
2160601
2160602
2160603
2160604
2160605
2160606
2160607
2160608
2160609
2160610
2160611
2160612
2160613
2160614
2160615
2160616
2160617
2160618
2160619
2160620
2160621
2160622
2160623
2160624
2160625
2160626
2160627
2160628
2160629
2160630
2160631
2160632
2160633
2160634
2160635
2160636
2160637
2160638
2160639
2160640
2160641
2160642
2160643
2160644
2160645
2160646
2160647
2160648
2160649
2160650
2160651
2160652
2160653
2160654
2160655
2160656
2160657
2160658
2160659
2160660
2160661
2160662
2160663
2160664
2160665
2160666
2160667
2160668
2160669
2160670
2160671
2160672
2160673
2160674
2160675
2160676
2160677
2160678
2160679
2160680
2160681
2160682
2160683
2160684
2160685
2160686
2160687
2160688
2160689
2160690
2160691
2160692
2160693
2160694
2160695
2160696
2160697
2160698
2160699
2160700
2160701
2160702
2160703
2160704
2160705
2160706
2160707
2160708
2160709
2160710
2160711
2160712
2160713
2160714
2160715
2160716
2160717
2160718
2160719
2160720
2160721
2160722
2160723
2160724
2160725
2160726
2160727
2160728
2160729
2160730
2160731
2160732
2160733
2160734
2160735
2160736
2160737
2160738
2160739
2160740
2160741
2160742
2160743
2160744
2160745
2160746
2160747
2160748
2160749
2160750
2160751
2160752
2160753
2160754
2160755
2160756
2160757
2160758
2160759
2160760
2160761
2160762
2160763
2160764
2160765
2160766
2160767
2160768
2160769
2160770
2160771
2160772
2160773
2160774
2160775
2160776
2160777
2160778
2160779
2160780
2160781
2160782
2160783
2160784
2160785
2160786
2160787
2160788
2160789
2160790
2160791
2160792
2160793
2160794
2160795
2160796
2160797
2160798
2160799
2160800
2160801
2160802
2160803
2160804
2160805
2160806
2160807
2160808
2160809
2160810
2160811
2160812
2160813
2160814
2160815
2160816
2160817
2160818
2160819
2160820
2160821
2160822
2160823
2160824
2160825
2160826
2160827
2160828
2160829
2160830
2160831
2160832
2160833
2160834
2160835
2160836
2160837
2160838
2160839
2160840
2160841
2160842
2160843
2160844
2160845
2160846
2160847
2160848
2160849
2160850
2160851
2160852
2160853
2160854
2160855
2160856
2160857
2160858
2160859
2160860
2160861
2160862
2160863
2160864
2160865
2160866
2160867
2160868
2160869
2160870
2160871
2160872
2160873
2160874
2160875
2160876
2160877
2160878
2160879
2160880
2160881
2160882
2160883
2160884
2160885
2160886
2160887
2160888
2160889
2160890
2160891
2160892
2160893
2160894
2160895
2160896
2160897
2160898
2160899
2160900
2160901
2160902
2160903
2160904
2160905
2160906
2160907
2160908
2160909
2160910
2160911
2160912
2160913
2160914
2160915
2160916
2160917
2160918
2160919
2160920
2160921
2160922
2160923
2160924
2160925
2160926
2160927
2160928
2160929
2160930
2160931
2160932
2160933
2160934
2160935
2160936
2160937
2160938
2160939
2160940
2160941
2160942
2160943
2160944
2160945
2160946
2160947
2160948
2160949
2160950
2160951
2160952
2160953
2160954
2160955
2160956
2160957
2160958
2160959
2160960
2160961
2160962
2160963
2160964
2160965
2160966
2160967
2160968
2160969
2160970
2160971
2160972
2160973
2160974
2160975
2160976
2160977
2160978
2160979
2160980
2160981
2160982
2160983
2160984
2160985
2160986
2160987
2160988
2160989
2160990
2160991
2160992
2160993
2160994
2160995
2160996
2160997
2160998
2160999
2161000
2161001
2161002
2161003
2161004
2161005
2161006
2161007
2161008
2161009
2161010
2161011
2161012
2161013
2161014
2161015
2161016
2161017
2161018
2161019
2161020
2161021
2161022
2161023
2161024
2161025
2161026
2161027
2161028
2161029
2161030
2161031
2161032
2161033
2161034
2161035
2161036
2161037
2161038
2161039
2161040
2161041
2161042
2161043
2161044
2161045
2161046
2161047
2161048
2161049
2161050
2161051
2161052
2161053
2161054
2161055
2161056
2161057
2161058
2161059
2161060
2161061
2161062
2161063
2161064
2161065
2161066
2161067
2161068
2161069
2161070
2161071
2161072
2161073
2161074
2161075
2161076
2161077
2161078
2161079
2161080
2161081
2161082
2161083
2161084
2161085
2161086
2161087
2161088
2161089
2161090
2161091
2161092
2161093
2161094
2161095
2161096
2161097
2161098
2161099
2161100
2161101
2161102
2161103
2161104
2161105
2161106
2161107
2161108
2161109
2161110
2161111
2161112
2161113
2161114
2161115
2161116
2161117
2161118
2161119
2161120
2161121
2161122
2161123
2161124
2161125
2161126
2161127
2161128
2161129
2161130
2161131
2161132
2161133
2161134
2161135
2161136
2161137
2161138
2161139
2161140
2161141
2161142
2161143
2161144
2161145
2161146
2161147
2161148
2161149
2161150
2161151
2161152
2161153
2161154
2161155
2161156
2161157
2161158
2161159
2161160
2161161
2161162
2161163
2161164
2161165
2161166
2161167
2161168
2161169
2161170
2161171
2161172
2161173
2161174
2161175
2161176
2161177
2161178
2161179
2161180
2161181
2161182
2161183
2161184
2161185
2161186
2161187
2161188
2161189
2161190
2161191
2161192
2161193
2161194
2161195
2161196
2161197
2161198
2161199
2161200
2161201
2161202
2161203
2161204
2161205
2161206
2161207
2161208
2161209
2161210
2161211
2161212
2161213
2161214
2161215
2161216
2161217
2161218
2161219
2161220
2161221
2161222
2161223
2161224
2161225
2161226
2161227
2161228
2161229
2161230
2161231
2161232
2161233
2161234
2161235
2161236
2161237
2161238
2161239
2161240
2161241
2161242
2161243
2161244
2161245
2161246
2161247
2161248
2161249
2161250
2161251
2161252
2161253
2161254
2161255
2161256
