2147839
2147840
2147841
2147842
2147843
2147844
2147845
2147846
2147847
2147848
2147849
2147850
2147851
2147852
2147853
2147854
2147855
2147856
2147857
2147858
2147859
2147860
2147861
2147862
2147863
2147864
2147865
2147866
2147867
2147868
2147869
2147870
2147871
2147872
2147873
2147874
2147875
2147876
2147877
2147878
2147879
2147880
2147881
2147882
2147883
2147884
2147885
2147886
2147887
2147888
2147889
2147890
2147891
2147892
2147893
2147894
2147895
2147896
2147897
2147898
2147899
2147900
2147901
2147902
2147903
2147904
2147905
2147906
2147907
2147908
2147909
2147910
2147911
2147912
2147913
2147914
2147915
2147916
2147917
2147918
2147919
2147920
2147921
2147922
2147923
2147924
2147925
2147926
2147927
2147928
2147929
2147930
2147931
2147932
2147933
2147934
2147935
2147936
2147937
2147938
2147939
2147940
2147941
2147942
2147943
2147944
2147945
2147946
2147947
2147948
2147949
2147950
2147951
2147952
2147953
2147954
2147955
2147956
2147957
2147958
2147959
2147960
2147961
2147962
2147963
2147964
2147965
2147966
2147967
2147968
2147969
2147970
2147971
2147972
2147973
2147974
2147975
2147976
2147977
2147978
2147979
2147980
2147981
2147982
2147983
2147984
2147985
2147986
2147987
2147988
2147989
2147990
2147991
2147992
2147993
2147994
2147995
2147996
2147997
2147998
2147999
2148000
2148001
2148002
2148003
2148004
2148005
2148006
2148007
2148008
2148009
2148010
2148011
2148012
2148013
2148014
2148015
2148016
2148017
2148018
2148019
2148020
2148021
2148022
2148023
2148024
2148025
2148026
2148027
2148028
2148029
2148030
2148031
2148032
2148033
2148034
2148035
2148036
2148037
2148038
2148039
2148040
2148041
2148042
2148043
2148044
2148045
2148046
2148047
2148048
2148049
2148050
2148051
2148052
2148053
2148054
2148055
2148056
2148057
2148058
2148059
2148060
2148061
2148062
2148063
2148064
2148065
2148066
2148067
2148068
2148069
2148070
2148071
2148072
2148073
2148074
2148075
2148076
2148077
2148078
2148079
2148080
2148081
2148082
2148083
2148084
2148085
2148086
2148087
2148088
2148089
2148090
2148091
2148092
2148093
2148094
2148095
2148096
2148097
2148098
2148099
2148100
2148101
2148102
2148103
2148104
2148105
2148106
2148107
2148108
2148109
2148110
2148111
2148112
2148113
2148114
2148115
2148116
2148117
2148118
2148119
2148120
2148121
2148122
2148123
2148124
2148125
2148126
2148127
2148128
2148129
2148130
2148131
2148132
2148133
2148134
2148135
2148136
2148137
2148138
2148139
2148140
2148141
2148142
2148143
2148144
2148145
2148146
2148147
2148148
2148149
2148150
2148151
2148152
2148153
2148154
2148155
2148156
2148157
2148158
2148159
2148160
2148161
2148162
2148163
2148164
2148165
2148166
2148167
2148168
2148169
2148170
2148171
2148172
2148173
2148174
2148175
2148176
2148177
2148178
2148179
2148180
2148181
2148182
2148183
2148184
2148185
2148186
2148187
2148188
2148189
2148190
2148191
2148192
2148193
2148194
2148195
2148196
2148197
2148198
2148199
2148200
2148201
2148202
2148203
2148204
2148205
2148206
2148207
2148208
2148209
2148210
2148211
2148212
2148213
2148214
2148215
2148216
2148217
2148218
2148219
2148220
2148221
2148222
2148223
2148224
2148225
2148226
2148227
2148228
2148229
2148230
2148231
2148232
2148233
2148234
2148235
2148236
2148237
2148238
2148239
2148240
2148241
2148242
2148243
2148244
2148245
2148246
2148247
2148248
2148249
2148250
2148251
2148252
2148253
2148254
2148255
2148256
2148257
2148258
2148259
2148260
2148261
2148262
2148263
2148264
2148265
2148266
2148267
