2159421
2159422
2159423
2159424
2159425
2159426
2159427
2159428
2159429
2159430
2159431
2159432
2159433
2159434
2159435
2159436
2159437
2159438
2159439
2159440
2159441
2159442
2159443
2159444
2159445
2159446
2159447
2159448
2159449
2159450
2159451
2159452
2159453
2159454
2159455
2159456
2159457
2159458
2159459
2159460
2159461
2159462
2159463
2159464
2159465
2159466
2159467
2159468
2159469
2159470
2159471
2159472
2159473
2159474
2159475
2159476
2159477
2159478
2159479
2159480
2159481
2159482
2159483
2159484
2159485
2159486
2159487
2159488
2159489
2159490
2159491
2159492
2159493
2159494
2159495
2159496
2159497
2159498
2159499
2159500
2159501
2159502
2159503
2159504
2159505
2159506
2159507
2159508
2159509
2159510
2159511
2159512
2159513
2159514
2159515
2159516
2159517
2159518
2159519
2159520
2159521
2159522
2159523
2159524
2159525
2159526
2159527
2159528
2159529
2159530
2159531
2159532
2159533
2159534
2159535
2159536
2159537
2159538
2159539
2159540
2159541
2159542
2159543
2159544
2159545
2159546
2159547
2159548
2159549
2159550
2159551
2159552
2159553
2159554
2159555
2159556
2159557
2159558
2159559
2159560
2159561
2159562
2159563
2159564
2159565
2159566
2159567
2159568
2159569
2159570
2159571
2159572
2159573
2159574
2159575
2159576
2159577
2159578
2159579
2159580
2159581
2159582
2159583
2159584
2159585
2159586
2159587
2159588
2159589
2159590
2159591
2159592
2159593
2159594
2159595
2159596
2159597
2159598
2159599
2159600
2159601
2159602
2159603
2159604
2159605
2159606
2159607
2159608
2159609
2159610
2159611
2159612
2159613
2159614
2159615
2159616
2159617
2159618
2159619
2159620
2159621
2159622
2159623
2159624
2159625
2159626
2159627
2159628
2159629
2159630
2159631
2159632
2159633
2159634
2159635
2159636
2159637
2159638
2159639
2159640
2159641
2159642
2159643
2159644
2159645
2159646
2159647
2159648
2159649
2159650
2159651
2159652
2159653
2159654
2159655
2159656
2159657
2159658
2159659
2159660
2159661
2159662
2159663
2159664
2159665
2159666
2159667
2159668
2159669
2159670
2159671
2159672
2159673
2159674
2159675
2159676
2159677
2159678
2159679
2159680
2159681
2159682
2159683
2159684
2159685
2159686
2159687
2159688
2159689
2159690
2159691
2159692
2159693
2159694
2159695
2159696
2159697
2159698
2159699
2159700
2159701
2159702
2159703
2159704
2159705
2159706
2159707
2159708
2159709
2159710
2159711
2159712
2159713
2159714
2159715
2159716
2159717
2159718
2159719
2159720
2159721
2159722
2159723
2159724
2159725
2159726
2159727
2159728
2159729
2159730
2159731
2159732
2159733
2159734
2159735
2159736
2159737
2159738
2159739
2159740
2159741
2159742
2159743
2159744
2159745
2159746
2159747
2159748
2159749
2159750
2159751
2159752
2159753
2159754
2159755
2159756
2159757
2159758
2159759
2159760
2159761
2159762
2159763
2159764
2159765
2159766
2159767
2159768
2159769
2159770
2159771
2159772
2159773
2159774
2159775
2159776
2159777
2159778
2159779
2159780
2159781
2159782
2159783
2159784
2159785
2159786
2159787
2159788
2159789
2159790
2159791
2159792
2159793
2159794
2159795
2159796
2159797
2159798
2159799
2159800
2159801
2159802
2159803
2159804
2159805
2159806
2159807
2159808
2159809
2159810
2159811
2159812
2159813
2159814
2159815
2159816
2159817
2159818
2159819
2159820
2159821
2159822
2159823
2159824
2159825
2159826
2159827
2159828
2159829
2159830
2159831
2159832
2159833
2159834
2159835
2159836
2159837
2159838
2159839
2159840
2159841
2159842
2159843
2159844
2159845
2159846
2159847
2159848
2159849
2159850
2159851
2159852
2159853
2159854
2159855
2159856
