2142566
2142567
2142568
2142569
2142570
2142571
2142572
2142573
2142574
2142575
2142576
2142577
2142578
2142579
2142580
2142581
2142582
2142583
2142584
2142585
2142586
2142587
2142588
2142589
2142590
2142591
2142592
2142593
2142594
2142595
2142596
2142597
2142598
2142599
2142600
2142601
2142602
2142603
2142604
2142605
2142606
2142607
2142608
2142609
2142610
2142611
2142612
2142613
2142614
2142615
2142616
2142617
2142618
2142619
2142620
2142621
2142622
2142623
2142624
2142625
2142626
2142627
2142628
2142629
2142630
2142631
2142632
2142633
2142634
2142635
2142636
2142637
2142638
2142639
2142640
2142641
2142642
2142643
2142644
2142645
2142646
2142647
2142648
2142649
2142650
2142651
2142652
2142653
2142654
2142655
2142656
2142657
2142658
2142659
2142660
2142661
2142662
2142663
2142664
2142665
2142666
2142667
2142668
2142669
2142670
2142671
2142672
2142673
2142674
2142675
2142676
2142677
2142678
2142679
2142680
2142681
2142682
2142683
2142684
2142685
2142686
2142687
2142688
2142689
2142690
2142691
2142692
2142693
2142694
2142695
2142696
2142697
2142698
2142699
2142700
2142701
2142702
2142703
2142704
2142705
2142706
2142707
2142708
2142709
2142710
2142711
2142712
2142713
2142714
2142715
2142716
2142717
2142718
2142719
2142720
2142721
2142722
2142723
2142724
2142725
2142726
2142727
2142728
2142729
2142730
2142731
2142732
2142733
2142734
2142735
2142736
2142737
2142738
2142739
2142740
2142741
2142742
2142743
2142744
2142745
2142746
2142747
2142748
2142749
2142750
2142751
2142752
2142753
2142754
2142755
2142756
2142757
2142758
2142759
2142760
2142761
2142762
2142763
2142764
2142765
2142766
2142767
2142768
2142769
2142770
2142771
2142772
2142773
2142774
2142775
2142776
2142777
2142778
2142779
2142780
2142781
2142782
2142783
2142784
2142785
2142786
2142787
2142788
2142789
2142790
2142791
2142792
2142793
2142794
2142795
2142796
2142797
2142798
2142799
2142800
2142801
2142802
2142803
2142804
2142805
2142806
2142807
2142808
2142809
2142810
2142811
2142812
2142813
2142814
2142815
2142816
2142817
2142818
2142819
2142820
2142821
2142822
2142823
2142824
2142825
2142826
2142827
2142828
2142829
2142830
2142831
2142832
2142833
2142834
2142835
2142836
2142837
2142838
2142839
2142840
2142841
2142842
2142843
2142844
2142845
2142846
2142847
2142848
2142849
2142850
2142851
2142852
2142853
2142854
2142855
2142856
2142857
2142858
2142859
2142860
2142861
2142862
2142863
2142864
2142865
2142866
2142867
2142868
2142869
2142870
2142871
2142872
2142873
2142874
2142875
2142876
2142877
2142878
2142879
2142880
2142881
2142882
2142883
2142884
2142885
2142886
2142887
2142888
2142889
2142890
2142891
2142892
2142893
2142894
2142895
2142896
2142897
2142898
2142899
2142900
2142901
2142902
2142903
2142904
2142905
2142906
2142907
2142908
2142909
2142910
2142911
2142912
