2153723
2153724
2153725
2153726
2153727
2153728
2153729
2153730
2153731
2153732
2153733
2153734
2153735
2153736
2153737
2153738
2153739
2153740
2153741
2153742
2153743
2153744
2153745
2153746
2153747
2153748
2153749
2153750
2153751
2153752
2153753
2153754
2153755
2153756
2153757
2153758
2153759
2153760
2153761
2153762
2153763
2153764
2153765
2153766
2153767
2153768
2153769
2153770
2153771
2153772
2153773
2153774
2153775
2153776
2153777
2153778
2153779
2153780
2153781
2153782
2153783
2153784
2153785
2153786
2153787
2153788
2153789
2153790
2153791
2153792
2153793
2153794
2153795
2153796
2153797
2153798
2153799
2153800
2153801
2153802
2153803
2153804
2153805
2153806
2153807
2153808
2153809
2153810
2153811
2153812
2153813
2153814
2153815
2153816
2153817
2153818
2153819
2153820
2153821
2153822
2153823
2153824
2153825
2153826
2153827
2153828
2153829
2153830
2153831
2153832
2153833
2153834
2153835
2153836
2153837
2153838
2153839
2153840
2153841
2153842
2153843
2153844
2153845
2153846
2153847
2153848
2153849
2153850
2153851
2153852
2153853
2153854
2153855
2153856
2153857
2153858
2153859
2153860
2153861
2153862
2153863
2153864
2153865
2153866
2153867
2153868
2153869
2153870
2153871
2153872
2153873
2153874
2153875
2153876
2153877
2153878
2153879
2153880
2153881
2153882
2153883
2153884
2153885
2153886
2153887
2153888
2153889
2153890
2153891
2153892
2153893
2153894
2153895
2153896
2153897
2153898
2153899
2153900
2153901
2153902
2153903
2153904
2153905
2153906
2153907
2153908
2153909
2153910
2153911
2153912
2153913
2153914
2153915
2153916
2153917
2153918
2153919
2153920
2153921
2153922
2153923
2153924
2153925
2153926
2153927
2153928
2153929
2153930
2153931
2153932
2153933
2153934
2153935
2153936
2153937
2153938
2153939
2153940
2153941
2153942
2153943
2153944
2153945
2153946
2153947
2153948
2153949
2153950
2153951
2153952
2153953
2153954
2153955
2153956
2153957
2153958
2153959
2153960
2153961
2153962
2153963
2153964
2153965
2153966
2153967
2153968
2153969
2153970
2153971
2153972
2153973
2153974
2153975
2153976
2153977
2153978
2153979
2153980
2153981
2153982
2153983
2153984
2153985
2153986
2153987
2153988
2153989
2153990
2153991
2153992
2153993
2153994
2153995
2153996
2153997
2153998
2153999
2154000
2154001
2154002
2154003
2154004
2154005
2154006
2154007
2154008
2154009
2154010
2154011
2154012
2154013
2154014
2154015
2154016
2154017
2154018
2154019
2154020
2154021
2154022
2154023
2154024
2154025
2154026
2154027
2154028
2154029
2154030
2154031
2154032
2154033
2154034
2154035
2154036
2154037
2154038
2154039
2154040
2154041
2154042
2154043
2154044
2154045
2154046
2154047
2154048
2154049
2154050
2154051
2154052
2154053
2154054
2154055
2154056
2154057
2154058
2154059
2154060
2154061
2154062
2154063
2154064
2154065
2154066
2154067
2154068
2154069
2154070
2154071
2154072
2154073
2154074
2154075
2154076
2154077
2154078
2154079
2154080
2154081
2154082
2154083
2154084
2154085
2154086
2154087
2154088
2154089
2154090
2154091
2154092
2154093
2154094
2154095
2154096
2154097
2154098
2154099
2154100
2154101
2154102
2154103
2154104
2154105
2154106
2154107
2154108
2154109
2154110
2154111
2154112
2154113
2154114
2154115
2154116
2154117
2154118
2154119
2154120
2154121
2154122
2154123
2154124
2154125
2154126
2154127
2154128
2154129
2154130
2154131
2154132
2154133
2154134
2154135
2154136
2154137
2154138
2154139
2154140
2154141
2154142
2154143
2154144
2154145
2154146
2154147
2154148
2154149
2154150
2154151
2154152
2154153
2154154
2154155
2154156
2154157
2154158
2154159
2154160
2154161
2154162
2154163
2154164
2154165
2154166
2154167
2154168
2154169
2154170
2154171
2154172
2154173
2154174
2154175
2154176
2154177
2154178
2154179
2154180
2154181
2154182
2154183
2154184
2154185
2154186
2154187
2154188
2154189
2154190
2154191
2154192
2154193
2154194
2154195
2154196
2154197
2154198
2154199
2154200
2154201
2154202
2154203
2154204
2154205
2154206
2154207
2154208
2154209
2154210
2154211
2154212
2154213
2154214
2154215
2154216
2154217
2154218
2154219
2154220
2154221
2154222
2154223
2154224
2154225
2154226
2154227
2154228
2154229
2154230
2154231
2154232
2154233
2154234
2154235
2154236
2154237
2154238
2154239
2154240
2154241
2154242
2154243
2154244
2154245
2154246
2154247
2154248
2154249
2154250
2154251
2154252
2154253
2154254
2154255
2154256
2154257
2154258
2154259
2154260
2154261
2154262
2154263
2154264
2154265
2154266
2154267
2154268
