2139189
2139190
2139191
2139192
2139193
2139194
2139195
2139196
2139197
2139198
2139199
2139200
2139201
2139202
2139203
2139204
2139205
2139206
2139207
2139208
2139209
2139210
2139211
2139212
2139213
2139214
2139215
2139216
2139217
2139218
2139219
2139220
2139221
2139222
2139223
2139224
2139225
2139226
2139227
2139228
2139229
2139230
2139231
2139232
2139233
2139234
2139235
2139236
2139237
2139238
2139239
2139240
2139241
2139242
2139243
2139244
2139245
2139246
2139247
2139248
2139249
2139250
2139251
2139252
2139253
2139254
2139255
2139256
2139257
2139258
2139259
2139260
2139261
2139262
2139263
2139264
2139265
2139266
2139267
2139268
2139269
2139270
2139271
2139272
2139273
2139274
2139275
2139276
2139277
2139278
2139279
2139280
2139281
2139282
2139283
2139284
2139285
2139286
2139287
2139288
2139289
2139290
2139291
2139292
2139293
2139294
2139295
2139296
2139297
2139298
2139299
2139300
2139301
2139302
2139303
2139304
2139305
2139306
2139307
2139308
2139309
2139310
2139311
2139312
2139313
2139314
2139315
2139316
2139317
2139318
2139319
2139320
2139321
2139322
2139323
2139324
2139325
2139326
2139327
2139328
2139329
2139330
2139331
2139332
2139333
2139334
2139335
2139336
2139337
2139338
2139339
2139340
2139341
2139342
2139343
2139344
2139345
2139346
2139347
2139348
2139349
2139350
2139351
2139352
2139353
2139354
2139355
2139356
2139357
2139358
2139359
2139360
2139361
2139362
2139363
2139364
2139365
2139366
2139367
2139368
2139369
2139370
2139371
2139372
2139373
2139374
2139375
2139376
2139377
2139378
2139379
2139380
2139381
2139382
2139383
2139384
2139385
2139386
2139387
2139388
2139389
2139390
2139391
2139392
2139393
2139394
2139395
2139396
2139397
2139398
2139399
2139400
2139401
2139402
2139403
2139404
2139405
2139406
2139407
2139408
2139409
2139410
2139411
2139412
2139413
2139414
2139415
2139416
2139417
2139418
2139419
2139420
2139421
2139422
2139423
2139424
2139425
2139426
2139427
2139428
2139429
2139430
2139431
2139432
2139433
2139434
2139435
2139436
2139437
2139438
2139439
2139440
2139441
2139442
2139443
2139444
2139445
2139446
2139447
2139448
2139449
2139450
2139451
2139452
2139453
2139454
2139455
2139456
2139457
2139458
2139459
2139460
2139461
2139462
2139463
2139464
2139465
2139466
2139467
2139468
2139469
2139470
2139471
2139472
2139473
2139474
2139475
2139476
2139477
2139478
2139479
2139480
2139481
2139482
2139483
2139484
2139485
2139486
2139487
2139488
2139489
2139490
2139491
2139492
2139493
2139494
2139495
2139496
2139497
2139498
2139499
2139500
2139501
2139502
2139503
2139504
2139505
2139506
2139507
2139508
2139509
2139510
2139511
2139512
2139513
2139514
2139515
2139516
2139517
2139518
2139519
2139520
2139521
2139522
2139523
2139524
2139525
2139526
2139527
2139528
2139529
2139530
2139531
2139532
2139533
2139534
2139535
2139536
2139537
2139538
2139539
2139540
2139541
2139542
2139543
2139544
2139545
2139546
2139547
2139548
2139549
2139550
2139551
2139552
2139553
2139554
2139555
2139556
2139557
2139558
2139559
2139560
2139561
2139562
2139563
2139564
2139565
2139566
2139567
2139568
2139569
2139570
