2147470
2147471
2147472
2147473
2147474
2147475
2147476
2147477
2147478
2147479
2147480
2147481
2147482
2147483
2147484
2147485
2147486
2147487
2147488
2147489
2147490
2147491
2147492
2147493
2147494
2147495
2147496
2147497
2147498
2147499
2147500
2147501
2147502
2147503
2147504
2147505
2147506
2147507
2147508
2147509
2147510
2147511
2147512
2147513
2147514
2147515
2147516
2147517
2147518
2147519
2147520
2147521
2147522
2147523
2147524
2147525
2147526
2147527
2147528
2147529
2147530
2147531
2147532
2147533
2147534
2147535
2147536
2147537
2147538
2147539
2147540
2147541
2147542
2147543
2147544
2147545
2147546
2147547
2147548
2147549
2147550
2147551
2147552
2147553
2147554
2147555
2147556
2147557
2147558
2147559
2147560
2147561
2147562
2147563
2147564
2147565
2147566
2147567
2147568
2147569
2147570
2147571
2147572
2147573
2147574
2147575
2147576
2147577
2147578
2147579
2147580
2147581
2147582
2147583
2147584
2147585
2147586
2147587
2147588
2147589
2147590
2147591
2147592
2147593
2147594
2147595
2147596
2147597
2147598
2147599
2147600
2147601
2147602
2147603
2147604
2147605
2147606
2147607
2147608
2147609
2147610
2147611
2147612
2147613
2147614
2147615
2147616
2147617
2147618
2147619
2147620
2147621
2147622
2147623
2147624
2147625
2147626
2147627
2147628
2147629
2147630
2147631
2147632
2147633
2147634
2147635
2147636
2147637
2147638
2147639
2147640
2147641
2147642
2147643
2147644
2147645
2147646
2147647
2147648
2147649
2147650
2147651
2147652
2147653
2147654
2147655
2147656
2147657
2147658
2147659
2147660
2147661
2147662
2147663
2147664
2147665
2147666
2147667
2147668
2147669
2147670
2147671
2147672
2147673
2147674
2147675
2147676
2147677
2147678
2147679
2147680
2147681
2147682
2147683
2147684
2147685
2147686
2147687
2147688
2147689
2147690
2147691
2147692
2147693
2147694
2147695
2147696
2147697
2147698
2147699
2147700
2147701
2147702
2147703
2147704
2147705
2147706
2147707
2147708
2147709
2147710
2147711
2147712
2147713
2147714
2147715
2147716
2147717
2147718
2147719
2147720
2147721
2147722
2147723
2147724
2147725
2147726
2147727
2147728
2147729
2147730
2147731
2147732
2147733
2147734
2147735
2147736
2147737
2147738
2147739
2147740
2147741
2147742
2147743
2147744
2147745
2147746
2147747
2147748
2147749
2147750
2147751
2147752
2147753
2147754
2147755
2147756
2147757
2147758
2147759
2147760
2147761
2147762
2147763
2147764
2147765
2147766
2147767
2147768
2147769
2147770
2147771
2147772
2147773
2147774
2147775
2147776
2147777
2147778
2147779
2147780
2147781
2147782
2147783
2147784
2147785
2147786
2147787
2147788
2147789
2147790
2147791
2147792
2147793
2147794
2147795
2147796
2147797
2147798
2147799
2147800
2147801
2147802
2147803
2147804
2147805
2147806
2147807
2147808
2147809
2147810
2147811
2147812
2147813
2147814
2147815
2147816
2147817
2147818
2147819
2147820
2147821
2147822
2147823
2147824
2147825
2147826
2147827
2147828
2147829
2147830
2147831
2147832
2147833
2147834
2147835
2147836
2147837
