2152105
2152106
2152107
2152108
2152109
2152110
2152111
2152112
2152113
2152114
2152115
2152116
2152117
2152118
2152119
2152120
2152121
2152122
2152123
2152124
2152125
2152126
2152127
2152128
2152129
2152130
2152131
2152132
2152133
2152134
2152135
2152136
2152137
2152138
2152139
2152140
2152141
2152142
2152143
2152144
2152145
2152146
2152147
2152148
2152149
2152150
2152151
2152152
2152153
2152154
2152155
2152156
2152157
2152158
2152159
2152160
2152161
2152162
2152163
2152164
2152165
2152166
2152167
2152168
2152169
2152170
2152171
2152172
2152173
2152174
2152175
2152176
2152177
2152178
2152179
2152180
2152181
2152182
2152183
2152184
2152185
2152186
2152187
2152188
2152189
2152190
2152191
2152192
2152193
2152194
2152195
2152196
2152197
2152198
2152199
2152200
2152201
2152202
2152203
2152204
2152205
2152206
2152207
2152208
2152209
2152210
2152211
2152212
2152213
2152214
2152215
2152216
2152217
2152218
2152219
2152220
2152221
2152222
2152223
2152224
2152225
2152226
2152227
2152228
2152229
2152230
2152231
2152232
2152233
2152234
2152235
2152236
2152237
2152238
2152239
2152240
2152241
2152242
2152243
2152244
2152245
2152246
2152247
2152248
2152249
2152250
2152251
2152252
2152253
2152254
2152255
2152256
2152257
2152258
2152259
2152260
2152261
2152262
2152263
2152264
2152265
2152266
2152267
2152268
2152269
2152270
2152271
2152272
2152273
2152274
2152275
2152276
2152277
2152278
2152279
2152280
2152281
2152282
2152283
2152284
2152285
2152286
2152287
2152288
2152289
2152290
2152291
2152292
2152293
2152294
2152295
2152296
2152297
2152298
2152299
2152300
2152301
2152302
2152303
2152304
2152305
2152306
2152307
2152308
2152309
2152310
2152311
2152312
2152313
2152314
2152315
2152316
2152317
2152318
2152319
2152320
2152321
2152322
2152323
2152324
2152325
2152326
2152327
2152328
2152329
2152330
2152331
2152332
2152333
2152334
2152335
2152336
2152337
2152338
2152339
2152340
2152341
2152342
2152343
2152344
2152345
2152346
2152347
2152348
2152349
2152350
2152351
2152352
2152353
2152354
2152355
2152356
2152357
2152358
2152359
2152360
2152361
2152362
2152363
2152364
2152365
2152366
2152367
2152368
2152369
2152370
2152371
2152372
2152373
2152374
2152375
2152376
2152377
2152378
2152379
2152380
2152381
2152382
2152383
2152384
2152385
2152386
2152387
2152388
2152389
2152390
2152391
2152392
2152393
2152394
2152395
2152396
2152397
2152398
2152399
2152400
2152401
2152402
2152403
2152404
2152405
2152406
2152407
2152408
2152409
2152410
2152411
2152412
2152413
2152414
2152415
2152416
2152417
2152418
2152419
2152420
2152421
2152422
2152423
2152424
2152425
2152426
2152427
2152428
2152429
2152430
2152431
2152432
2152433
2152434
2152435
2152436
2152437
2152438
2152439
2152440
2152441
2152442
2152443
2152444
2152445
2152446
2152447
2152448
2152449
2152450
2152451
2152452
2152453
2152454
2152455
2152456
2152457
2152458
2152459
2152460
2152461
2152462
2152463
2152464
2152465
2152466
2152467
2152468
2152469
2152470
2152471
2152472
2152473
2152474
2152475
2152476
2152477
2152478
2152479
2152480
2152481
2152482
2152483
2152484
2152485
2152486
2152487
2152488
2152489
2152490
2152491
2152492
2152493
2152494
2152495
2152496
2152497
2152498
2152499
2152500
2152501
2152502
2152503
2152504
2152505
2152506
2152507
2152508
2152509
2152510
2152511
2152512
2152513
2152514
2152515
2152516
2152517
2152518
2152519
2152520
2152521
2152522
2152523
2152524
2152525
2152526
2152527
2152528
2152529
2152530
