2149532
2149533
2149534
2149535
2149536
2149537
2149538
2149539
2149540
2149541
2149542
2149543
2149544
2149545
2149546
2149547
2149548
2149549
2149550
2149551
2149552
2149553
2149554
2149555
2149556
2149557
2149558
2149559
2149560
2149561
2149562
2149563
2149564
2149565
2149566
2149567
2149568
2149569
2149570
2149571
2149572
2149573
2149574
2149575
2149576
2149577
2149578
2149579
2149580
2149581
2149582
2149583
2149584
2149585
2149586
2149587
2149588
2149589
2149590
2149591
2149592
2149593
2149594
2149595
2149596
2149597
2149598
2149599
2149600
2149601
2149602
2149603
2149604
2149605
2149606
2149607
2149608
2149609
2149610
2149611
2149612
2149613
2149614
2149615
2149616
2149617
2149618
2149619
2149620
2149621
2149622
2149623
2149624
2149625
2149626
2149627
2149628
2149629
2149630
2149631
2149632
2149633
2149634
2149635
2149636
2149637
2149638
2149639
2149640
2149641
2149642
2149643
2149644
2149645
2149646
2149647
2149648
2149649
2149650
2149651
2149652
2149653
2149654
2149655
2149656
2149657
2149658
2149659
2149660
2149661
2149662
2149663
2149664
2149665
2149666
2149667
2149668
2149669
2149670
2149671
2149672
2149673
2149674
2149675
2149676
2149677
2149678
2149679
2149680
2149681
2149682
2149683
2149684
2149685
2149686
2149687
2149688
2149689
2149690
2149691
2149692
2149693
2149694
2149695
2149696
2149697
2149698
2149699
2149700
2149701
2149702
2149703
2149704
2149705
2149706
2149707
2149708
2149709
2149710
2149711
2149712
2149713
2149714
2149715
2149716
2149717
2149718
2149719
2149720
2149721
2149722
2149723
2149724
2149725
2149726
2149727
2149728
2149729
2149730
2149731
2149732
2149733
2149734
2149735
2149736
2149737
2149738
2149739
2149740
2149741
2149742
2149743
2149744
2149745
2149746
2149747
2149748
2149749
2149750
2149751
2149752
2149753
2149754
2149755
2149756
2149757
2149758
2149759
2149760
2149761
2149762
2149763
2149764
2149765
2149766
2149767
2149768
2149769
2149770
2149771
2149772
2149773
2149774
2149775
2149776
2149777
2149778
2149779
2149780
2149781
2149782
2149783
2149784
2149785
2149786
2149787
2149788
2149789
2149790
2149791
2149792
2149793
2149794
2149795
2149796
2149797
2149798
2149799
2149800
2149801
2149802
2149803
2149804
2149805
2149806
2149807
2149808
2149809
2149810
2149811
2149812
2149813
2149814
2149815
2149816
2149817
2149818
2149819
2149820
2149821
2149822
2149823
2149824
2149825
2149826
2149827
2149828
2149829
2149830
2149831
2149832
2149833
2149834
2149835
2149836
2149837
2149838
2149839
2149840
2149841
2149842
2149843
2149844
2149845
2149846
2149847
2149848
2149849
2149850
2149851
2149852
2149853
2149854
2149855
2149856
2149857
2149858
2149859
2149860
2149861
2149862
2149863
2149864
2149865
2149866
2149867
2149868
2149869
2149870
2149871
2149872
2149873
2149874
2149875
2149876
2149877
2149878
2149879
2149880
2149881
2149882
2149883
2149884
2149885
2149886
2149887
2149888
2149889
2149890
2149891
2149892
2149893
2149894
2149895
2149896
2149897
2149898
2149899
2149900
2149901
2149902
2149903
2149904
2149905
2149906
2149907
2149908
2149909
2149910
2149911
2149912
2149913
2149914
2149915
2149916
2149917
2149918
2149919
2149920
2149921
2149922
2149923
2149924
2149925
2149926
2149927
2149928
2149929
2149930
2149931
2149932
2149933
2149934
2149935
2149936
2149937
2149938
2149939
2149940
2149941
2149942
2149943
2149944
2149945
2149946
2149947
2149948
2149949
2149950
2149951
2149952
2149953
2149954
2149955
2149956
2149957
2149958
2149959
2149960
2149961
2149962
2149963
2149964
2149965
2149966
2149967
2149968
2149969
2149970
2149971
2149972
2149973
2149974
2149975
2149976
2149977
2149978
2149979
2149980
2149981
2149982
2149983
2149984
2149985
2149986
2149987
2149988
2149989
2149990
2149991
2149992
2149993
2149994
2149995
2149996
2149997
2149998
2149999
2150000
2150001
2150002
2150003
2150004
2150005
2150006
2150007
2150008
2150009
2150010
2150011
2150012
2150013
2150014
2150015
2150016
2150017
2150018
2150019
2150020
2150021
2150022
2150023
2150024
2150025
2150026
2150027
2150028
2150029
2150030
2150031
2150032
2150033
2150034
2150035
2150036
2150037
2150038
2150039
2150040
2150041
2150042
2150043
2150044
2150045
2150046
2150047
2150048
2150049
2150050
2150051
2150052
2150053
2150054
2150055
2150056
2150057
2150058
2150059
2150060
2150061
2150062
2150063
2150064
2150065
2150066
2150067
2150068
2150069
2150070
2150071
2150072
2150073
2150074
2150075
2150076
2150077
2150078
2150079
2150080
2150081
2150082
2150083
2150084
2150085
2150086
2150087
2150088
2150089
2150090
2150091
2150092
2150093
2150094
2150095
2150096
2150097
2150098
2150099
2150100
2150101
2150102
2150103
2150104
2150105
2150106
2150107
2150108
2150109
2150110
2150111
2150112
2150113
2150114
2150115
2150116
2150117
2150118
2150119
2150120
2150121
2150122
2150123
2150124
2150125
2150126
2150127
2150128
2150129
2150130
2150131
2150132
2150133
2150134
2150135
2150136
2150137
2150138
2150139
2150140
2150141
2150142
2150143
2150144
2150145
2150146
2150147
2150148
2150149
2150150
2150151
2150152
2150153
2150154
2150155
2150156
2150157
2150158
2150159
2150160
2150161
2150162
2150163
2150164
2150165
2150166
2150167
2150168
2150169
2150170
2150171
2150172
2150173
2150174
2150175
2150176
2150177
2150178
2150179
2150180
2150181
2150182
2150183
2150184
2150185
2150186
2150187
2150188
2150189
2150190
2150191
2150192
2150193
2150194
2150195
2150196
2150197
2150198
2150199
2150200
2150201
2150202
2150203
2150204
2150205
2150206
2150207
2150208
2150209
2150210
2150211
2150212
2150213
2150214
2150215
2150216
2150217
2150218
2150219
2150220
2150221
2150222
2150223
2150224
2150225
2150226
2150227
2150228
2150229
2150230
2150231
2150232
2150233
2150234
2150235
2150236
2150237
2150238
2150239
2150240
2150241
2150242
2150243
2150244
2150245
2150246
2150247
2150248
2150249
2150250
2150251
2150252
2150253
2150254
2150255
2150256
2150257
2150258
2150259
2150260
2150261
2150262
2150263
2150264
2150265
2150266
2150267
2150268
2150269
2150270
2150271
2150272
2150273
2150274
2150275
2150276
2150277
2150278
2150279
2150280
2150281
2150282
2150283
2150284
2150285
2150286
2150287
2150288
2150289
2150290
2150291
2150292
2150293
2150294
2150295
2150296
2150297
2150298
2150299
2150300
2150301
2150302
2150303
2150304
2150305
2150306
2150307
2150308
2150309
2150310
2150311
2150312
2150313
2150314
2150315
2150316
2150317
2150318
2150319
2150320
2150321
2150322
2150323
2150324
2150325
2150326
2150327
2150328
2150329
2150330
2150331
2150332
2150333
2150334
2150335
2150336
2150337
2150338
2150339
2150340
2150341
2150342
2150343
2150344
2150345
2150346
2150347
2150348
2150349
2150350
2150351
2150352
2150353
2150354
2150355
2150356
2150357
2150358
2150359
2150360
2150361
2150362
2150363
2150364
2150365
2150366
2150367
2150368
2150369
2150370
2150371
2150372
2150373
2150374
2150375
2150376
2150377
2150378
2150379
2150380
2150381
2150382
2150383
2150384
2150385
2150386
2150387
2150388
2150389
2150390
2150391
2150392
2150393
2150394
2150395
2150396
2150397
2150398
2150399
2150400
2150401
2150402
2150403
2150404
2150405
2150406
2150407
2150408
2150409
2150410
2150411
2150412
2150413
2150414
2150415
2150416
2150417
2150418
2150419
2150420
2150421
2150422
2150423
2150424
2150425
2150426
2150427
2150428
2150429
2150430
2150431
2150432
2150433
2150434
2150435
2150436
2150437
2150438
2150439
2150440
2150441
2150442
2150443
2150444
2150445
2150446
2150447
2150448
2150449
2150450
2150451
2150452
2150453
2150454
2150455
2150456
2150457
2150458
2150459
2150460
2150461
2150462
2150463
2150464
2150465
2150466
2150467
2150468
2150469
2150470
2150471
2150472
2150473
2150474
2150475
2150476
2150477
2150478
2150479
2150480
2150481
2150482
2150483
2150484
2150485
2150486
2150487
2150488
2150489
2150490
2150491
2150492
2150493
2150494
2150495
2150496
2150497
2150498
2150499
2150500
2150501
2150502
2150503
2150504
2150505
2150506
2150507
2150508
2150509
2150510
2150511
2150512
2150513
2150514
2150515
2150516
2150517
2150518
2150519
2150520
2150521
2150522
2150523
2150524
2150525
2150526
2150527
2150528
2150529
2150530
2150531
2150532
2150533
2150534
2150535
2150536
2150537
2150538
2150539
2150540
2150541
2150542
2150543
2150544
2150545
2150546
2150547
2150548
2150549
2150550
2150551
2150552
2150553
2150554
2150555
2150556
2150557
2150558
2150559
2150560
2150561
2150562
2150563
2150564
2150565
2150566
2150567
2150568
2150569
2150570
2150571
2150572
2150573
2150574
2150575
2150576
2150577
2150578
2150579
2150580
2150581
2150582
2150583
2150584
2150585
2150586
2150587
2150588
2150589
2150590
2150591
2150592
2150593
2150594
2150595
2150596
2150597
2150598
2150599
2150600
2150601
2150602
2150603
2150604
2150605
2150606
2150607
2150608
2150609
2150610
2150611
2150612
2150613
2150614
2150615
2150616
2150617
2150618
2150619
2150620
2150621
2150622
2150623
2150624
2150625
2150626
2150627
2150628
2150629
2150630
2150631
