2156118
2156119
2156120
2156121
2156122
2156123
2156124
2156125
2156126
2156127
2156128
2156129
2156130
2156131
2156132
2156133
2156134
2156135
2156136
2156137
2156138
2156139
2156140
2156141
2156142
2156143
2156144
2156145
2156146
2156147
2156148
2156149
2156150
2156151
2156152
2156153
2156154
2156155
2156156
2156157
2156158
2156159
2156160
2156161
2156162
2156163
2156164
2156165
2156166
2156167
2156168
2156169
2156170
2156171
2156172
2156173
2156174
2156175
2156176
2156177
2156178
2156179
2156180
2156181
2156182
2156183
2156184
2156185
2156186
2156187
2156188
2156189
2156190
2156191
2156192
2156193
2156194
2156195
2156196
2156197
2156198
2156199
2156200
2156201
2156202
2156203
2156204
2156205
2156206
2156207
2156208
2156209
2156210
2156211
2156212
2156213
2156214
2156215
2156216
2156217
2156218
2156219
2156220
2156221
2156222
2156223
2156224
2156225
2156226
2156227
2156228
2156229
2156230
2156231
2156232
2156233
2156234
2156235
2156236
2156237
2156238
2156239
2156240
2156241
2156242
2156243
2156244
2156245
2156246
2156247
2156248
2156249
2156250
2156251
2156252
2156253
2156254
2156255
2156256
2156257
2156258
2156259
2156260
2156261
2156262
2156263
2156264
2156265
2156266
2156267
2156268
2156269
2156270
2156271
2156272
2156273
2156274
2156275
2156276
2156277
2156278
2156279
2156280
2156281
2156282
2156283
2156284
2156285
2156286
2156287
2156288
2156289
2156290
2156291
2156292
2156293
2156294
2156295
2156296
2156297
2156298
2156299
2156300
2156301
2156302
2156303
2156304
2156305
2156306
2156307
2156308
2156309
2156310
2156311
2156312
2156313
2156314
2156315
2156316
2156317
2156318
2156319
2156320
2156321
2156322
2156323
2156324
2156325
2156326
2156327
2156328
2156329
2156330
2156331
2156332
2156333
2156334
2156335
2156336
2156337
2156338
2156339
2156340
2156341
2156342
2156343
2156344
2156345
2156346
2156347
2156348
2156349
2156350
2156351
2156352
2156353
2156354
2156355
2156356
2156357
2156358
2156359
2156360
2156361
2156362
2156363
2156364
2156365
2156366
2156367
2156368
2156369
2156370
2156371
2156372
2156373
2156374
2156375
2156376
2156377
2156378
2156379
2156380
2156381
2156382
2156383
2156384
2156385
2156386
2156387
2156388
2156389
2156390
2156391
2156392
2156393
2156394
2156395
2156396
2156397
2156398
2156399
2156400
2156401
2156402
2156403
2156404
2156405
2156406
2156407
2156408
2156409
2156410
2156411
2156412
2156413
2156414
2156415
2156416
2156417
2156418
2156419
2156420
2156421
2156422
2156423
2156424
2156425
2156426
2156427
2156428
2156429
2156430
2156431
2156432
2156433
2156434
2156435
2156436
2156437
2156438
2156439
2156440
2156441
2156442
2156443
2156444
2156445
2156446
2156447
2156448
2156449
2156450
2156451
2156452
2156453
2156454
2156455
2156456
2156457
2156458
2156459
2156460
2156461
2156462
2156463
2156464
2156465
2156466
2156467
2156468
2156469
2156470
2156471
2156472
2156473
2156474
2156475
2156476
2156477
2156478
2156479
2156480
2156481
2156482
2156483
2156484
2156485
2156486
2156487
2156488
2156489
2156490
2156491
2156492
2156493
2156494
2156495
