2146379
2146380
2146381
2146382
2146383
2146384
2146385
2146386
2146387
2146388
2146389
2146390
2146391
2146392
2146393
2146394
2146395
2146396
2146397
2146398
2146399
2146400
2146401
2146402
2146403
2146404
2146405
2146406
2146407
2146408
2146409
2146410
2146411
2146412
2146413
2146414
2146415
2146416
2146417
2146418
2146419
2146420
2146421
2146422
2146423
2146424
2146425
2146426
2146427
2146428
2146429
2146430
2146431
2146432
2146433
2146434
2146435
2146436
2146437
2146438
2146439
2146440
2146441
2146442
2146443
2146444
2146445
2146446
2146447
2146448
2146449
2146450
2146451
2146452
2146453
2146454
2146455
2146456
2146457
2146458
2146459
2146460
2146461
2146462
2146463
2146464
2146465
2146466
2146467
2146468
2146469
2146470
2146471
2146472
2146473
2146474
2146475
2146476
2146477
2146478
2146479
2146480
2146481
2146482
2146483
2146484
2146485
2146486
2146487
2146488
2146489
2146490
2146491
2146492
2146493
2146494
2146495
2146496
2146497
2146498
2146499
2146500
2146501
2146502
2146503
2146504
2146505
2146506
2146507
2146508
2146509
2146510
2146511
2146512
2146513
2146514
2146515
2146516
2146517
2146518
2146519
2146520
2146521
2146522
2146523
2146524
2146525
2146526
2146527
2146528
2146529
2146530
2146531
2146532
2146533
2146534
2146535
2146536
2146537
2146538
2146539
2146540
2146541
2146542
2146543
2146544
2146545
2146546
2146547
2146548
2146549
2146550
2146551
2146552
2146553
2146554
2146555
2146556
2146557
2146558
2146559
2146560
2146561
2146562
2146563
2146564
2146565
2146566
2146567
2146568
2146569
2146570
2146571
2146572
2146573
2146574
2146575
2146576
2146577
2146578
2146579
2146580
2146581
2146582
2146583
2146584
2146585
2146586
2146587
2146588
2146589
2146590
2146591
2146592
2146593
2146594
2146595
2146596
2146597
2146598
2146599
2146600
2146601
2146602
2146603
2146604
2146605
2146606
2146607
2146608
2146609
2146610
2146611
2146612
2146613
2146614
2146615
2146616
2146617
2146618
2146619
2146620
2146621
2146622
2146623
2146624
2146625
2146626
2146627
2146628
2146629
2146630
2146631
2146632
2146633
2146634
2146635
2146636
2146637
2146638
2146639
2146640
2146641
2146642
2146643
2146644
2146645
2146646
2146647
2146648
2146649
2146650
2146651
2146652
2146653
2146654
2146655
2146656
2146657
2146658
2146659
2146660
2146661
2146662
2146663
2146664
2146665
2146666
2146667
2146668
2146669
2146670
2146671
2146672
2146673
2146674
2146675
2146676
2146677
2146678
2146679
2146680
2146681
2146682
2146683
2146684
2146685
2146686
2146687
2146688
2146689
2146690
2146691
2146692
2146693
2146694
2146695
2146696
2146697
2146698
2146699
2146700
2146701
2146702
2146703
2146704
2146705
2146706
2146707
2146708
2146709
2146710
2146711
2146712
2146713
2146714
2146715
2146716
2146717
2146718
2146719
2146720
2146721
2146722
2146723
2146724
2146725
2146726
2146727
2146728
2146729
2146730
2146731
2146732
2146733
2146734
2146735
2146736
2146737
2146738
2146739
2146740
2146741
2146742
2146743
2146744
2146745
2146746
2146747
2146748
2146749
2146750
2146751
2146752
2146753
2146754
2146755
2146756
2146757
2146758
2146759
2146760
2146761
2146762
2146763
2146764
2146765
2146766
2146767
2146768
2146769
2146770
2146771
2146772
2146773
2146774
2146775
2146776
2146777
2146778
2146779
2146780
2146781
2146782
2146783
2146784
2146785
2146786
2146787
2146788
2146789
2146790
2146791
2146792
2146793
2146794
2146795
2146796
2146797
2146798
2146799
2146800
2146801
2146802
2146803
2146804
2146805
2146806
2146807
2146808
2146809
2146810
2146811
2146812
2146813
2146814
2146815
2146816
2146817
2146818
2146819
2146820
2146821
2146822
2146823
2146824
2146825
2146826
2146827
2146828
2146829
2146830
2146831
2146832
2146833
2146834
2146835
2146836
2146837
2146838
2146839
2146840
2146841
2146842
2146843
2146844
2146845
2146846
2146847
2146848
2146849
2146850
2146851
2146852
2146853
2146854
2146855
2146856
2146857
2146858
2146859
2146860
2146861
2146862
2146863
2146864
2146865
2146866
2146867
2146868
2146869
2146870
2146871
2146872
2146873
2146874
2146875
2146876
2146877
2146878
2146879
2146880
2146881
2146882
2146883
2146884
2146885
2146886
2146887
2146888
2146889
2146890
2146891
2146892
2146893
2146894
2146895
2146896
2146897
2146898
2146899
2146900
2146901
2146902
2146903
2146904
2146905
2146906
2146907
2146908
2146909
2146910
2146911
2146912
2146913
2146914
2146915
2146916
2146917
2146918
2146919
2146920
2146921
2146922
2146923
2146924
2146925
2146926
2146927
2146928
2146929
2146930
2146931
2146932
2146933
2146934
2146935
2146936
2146937
2146938
2146939
2146940
2146941
2146942
2146943
2146944
2146945
2146946
2146947
2146948
2146949
2146950
2146951
2146952
2146953
2146954
2146955
2146956
2146957
2146958
2146959
2146960
2146961
2146962
2146963
2146964
2146965
2146966
2146967
2146968
2146969
2146970
