2148720
2148721
2148722
2148723
2148724
2148725
2148726
2148727
2148728
2148729
2148730
2148731
2148732
2148733
2148734
2148735
2148736
2148737
2148738
2148739
2148740
2148741
2148742
2148743
2148744
2148745
2148746
2148747
2148748
2148749
2148750
2148751
2148752
2148753
2148754
2148755
2148756
2148757
2148758
2148759
2148760
2148761
2148762
2148763
2148764
2148765
2148766
2148767
2148768
2148769
2148770
2148771
2148772
2148773
2148774
2148775
2148776
2148777
2148778
2148779
2148780
2148781
2148782
2148783
2148784
2148785
2148786
2148787
2148788
2148789
2148790
2148791
2148792
2148793
2148794
2148795
2148796
2148797
2148798
2148799
2148800
2148801
2148802
2148803
2148804
2148805
2148806
2148807
2148808
2148809
2148810
2148811
2148812
2148813
2148814
2148815
2148816
2148817
2148818
2148819
2148820
2148821
2148822
2148823
2148824
2148825
2148826
2148827
2148828
2148829
2148830
2148831
2148832
2148833
2148834
2148835
2148836
2148837
2148838
2148839
2148840
2148841
2148842
2148843
2148844
2148845
2148846
2148847
2148848
2148849
2148850
2148851
2148852
2148853
2148854
2148855
2148856
2148857
2148858
2148859
2148860
2148861
2148862
2148863
2148864
2148865
2148866
2148867
2148868
2148869
2148870
2148871
2148872
2148873
2148874
2148875
2148876
2148877
2148878
2148879
2148880
2148881
2148882
2148883
2148884
2148885
2148886
2148887
2148888
2148889
2148890
2148891
2148892
2148893
2148894
2148895
2148896
2148897
2148898
2148899
2148900
2148901
2148902
2148903
2148904
2148905
2148906
2148907
2148908
2148909
2148910
2148911
2148912
2148913
2148914
2148915
2148916
2148917
2148918
2148919
2148920
2148921
2148922
2148923
2148924
2148925
2148926
2148927
2148928
2148929
2148930
2148931
2148932
2148933
2148934
2148935
2148936
2148937
2148938
2148939
2148940
2148941
2148942
2148943
2148944
2148945
2148946
2148947
2148948
2148949
2148950
2148951
2148952
2148953
2148954
2148955
2148956
2148957
2148958
2148959
2148960
2148961
2148962
2148963
2148964
2148965
2148966
2148967
2148968
2148969
2148970
2148971
2148972
2148973
2148974
2148975
2148976
2148977
2148978
2148979
2148980
2148981
2148982
2148983
2148984
2148985
2148986
2148987
2148988
2148989
2148990
2148991
2148992
2148993
2148994
2148995
2148996
2148997
2148998
2148999
2149000
2149001
2149002
2149003
2149004
2149005
2149006
2149007
2149008
2149009
2149010
2149011
2149012
2149013
2149014
2149015
2149016
2149017
2149018
2149019
2149020
2149021
2149022
2149023
2149024
2149025
2149026
2149027
2149028
2149029
2149030
2149031
2149032
2149033
2149034
2149035
2149036
2149037
2149038
2149039
2149040
2149041
2149042
2149043
2149044
2149045
2149046
2149047
2149048
2149049
2149050
2149051
2149052
2149053
2149054
2149055
2149056
2149057
2149058
2149059
2149060
2149061
2149062
2149063
2149064
2149065
2149066
2149067
2149068
2149069
2149070
2149071
2149072
2149073
2149074
2149075
2149076
2149077
2149078
2149079
2149080
2149081
2149082
2149083
2149084
2149085
2149086
2149087
2149088
2149089
2149090
2149091
2149092
2149093
2149094
2149095
2149096
2149097
2149098
2149099
2149100
2149101
2149102
2149103
2149104
2149105
2149106
2149107
2149108
2149109
2149110
2149111
2149112
2149113
2149114
2149115
2149116
2149117
2149118
2149119
2149120
2149121
2149122
2149123
2149124
2149125
2149126
2149127
2149128
2149129
2149130
2149131
2149132
2149133
2149134
2149135
2149136
2149137
2149138
2149139
2149140
2149141
2149142
