2142035
2142036
2142037
2142038
2142039
2142040
2142041
2142042
2142043
2142044
2142045
2142046
2142047
2142048
2142049
2142050
2142051
2142052
2142053
2142054
2142055
2142056
2142057
2142058
2142059
2142060
2142061
2142062
2142063
2142064
2142065
2142066
2142067
2142068
2142069
2142070
2142071
2142072
2142073
2142074
2142075
2142076
2142077
2142078
2142079
2142080
2142081
2142082
2142083
2142084
2142085
2142086
2142087
2142088
2142089
2142090
2142091
2142092
2142093
2142094
2142095
2142096
2142097
2142098
2142099
2142100
2142101
2142102
2142103
2142104
2142105
2142106
2142107
2142108
2142109
2142110
2142111
2142112
2142113
2142114
2142115
2142116
2142117
2142118
2142119
2142120
2142121
2142122
2142123
2142124
2142125
2142126
2142127
2142128
2142129
2142130
2142131
2142132
2142133
2142134
2142135
2142136
2142137
2142138
2142139
2142140
2142141
2142142
2142143
2142144
2142145
2142146
2142147
2142148
2142149
2142150
2142151
2142152
2142153
2142154
2142155
2142156
2142157
2142158
2142159
2142160
2142161
2142162
2142163
2142164
2142165
2142166
2142167
2142168
2142169
2142170
2142171
2142172
2142173
2142174
2142175
2142176
2142177
2142178
2142179
2142180
2142181
2142182
2142183
2142184
2142185
2142186
2142187
2142188
2142189
2142190
2142191
2142192
2142193
2142194
2142195
2142196
2142197
2142198
2142199
2142200
2142201
2142202
2142203
2142204
2142205
2142206
2142207
2142208
2142209
2142210
2142211
2142212
2142213
2142214
2142215
2142216
2142217
2142218
2142219
2142220
2142221
2142222
2142223
2142224
2142225
2142226
2142227
2142228
2142229
2142230
2142231
2142232
2142233
2142234
2142235
2142236
2142237
2142238
2142239
2142240
2142241
2142242
2142243
2142244
2142245
2142246
2142247
2142248
2142249
2142250
2142251
2142252
2142253
2142254
2142255
2142256
2142257
2142258
2142259
2142260
2142261
2142262
2142263
2142264
2142265
2142266
2142267
2142268
2142269
2142270
2142271
2142272
2142273
2142274
2142275
2142276
2142277
2142278
2142279
2142280
2142281
2142282
2142283
2142284
2142285
2142286
2142287
2142288
2142289
2142290
2142291
2142292
2142293
2142294
2142295
2142296
2142297
2142298
2142299
2142300
2142301
2142302
2142303
2142304
2142305
2142306
2142307
2142308
2142309
2142310
2142311
2142312
2142313
2142314
2142315
2142316
2142317
2142318
2142319
2142320
2142321
2142322
2142323
2142324
2142325
2142326
2142327
2142328
2142329
2142330
2142331
2142332
2142333
2142334
2142335
2142336
2142337
2142338
2142339
2142340
2142341
2142342
2142343
2142344
2142345
2142346
2142347
2142348
2142349
2142350
2142351
2142352
2142353
2142354
2142355
2142356
2142357
2142358
2142359
2142360
2142361
2142362
2142363
2142364
2142365
2142366
2142367
2142368
2142369
2142370
2142371
2142372
2142373
2142374
2142375
2142376
2142377
2142378
2142379
2142380
2142381
2142382
2142383
2142384
2142385
2142386
2142387
2142388
2142389
2142390
2142391
2142392
2142393
2142394
2142395
2142396
2142397
2142398
2142399
2142400
2142401
2142402
2142403
2142404
2142405
2142406
2142407
2142408
2142409
2142410
2142411
2142412
2142413
2142414
2142415
2142416
2142417
2142418
2142419
2142420
2142421
2142422
2142423
2142424
2142425
2142426
2142427
2142428
2142429
2142430
2142431
2142432
2142433
2142434
2142435
2142436
2142437
2142438
2142439
2142440
2142441
2142442
2142443
2142444
2142445
2142446
2142447
2142448
2142449
2142450
2142451
2142452
2142453
2142454
2142455
2142456
2142457
2142458
2142459
2142460
2142461
2142462
2142463
2142464
2142465
2142466
2142467
2142468
2142469
2142470
2142471
2142472
2142473
2142474
2142475
2142476
2142477
2142478
2142479
2142480
2142481
2142482
2142483
2142484
2142485
2142486
2142487
2142488
2142489
2142490
2142491
2142492
2142493
2142494
2142495
2142496
2142497
2142498
2142499
2142500
2142501
2142502
2142503
2142504
2142505
2142506
2142507
2142508
2142509
2142510
2142511
2142512
2142513
2142514
2142515
2142516
2142517
2142518
2142519
2142520
2142521
2142522
2142523
2142524
2142525
2142526
2142527
2142528
2142529
2142530
2142531
2142532
2142533
2142534
2142535
2142536
2142537
2142538
2142539
2142540
2142541
2142542
2142543
2142544
2142545
2142546
2142547
2142548
2142549
2142550
2142551
2142552
2142553
2142554
2142555
2142556
2142557
2142558
2142559
2142560
2142561
2142562
