2144387
2144388
2144389
2144390
2144391
2144392
2144393
2144394
2144395
2144396
2144397
2144398
2144399
2144400
2144401
2144402
2144403
2144404
2144405
2144406
2144407
2144408
2144409
2144410
2144411
2144412
2144413
2144414
2144415
2144416
2144417
2144418
2144419
2144420
2144421
2144422
2144423
2144424
2144425
2144426
2144427
2144428
2144429
2144430
2144431
2144432
2144433
2144434
2144435
2144436
2144437
2144438
2144439
2144440
2144441
2144442
2144443
2144444
2144445
2144446
2144447
2144448
2144449
2144450
2144451
2144452
2144453
2144454
2144455
2144456
2144457
2144458
2144459
2144460
2144461
2144462
2144463
2144464
2144465
2144466
2144467
2144468
2144469
2144470
2144471
2144472
2144473
2144474
2144475
2144476
2144477
2144478
2144479
2144480
2144481
2144482
2144483
2144484
2144485
2144486
2144487
2144488
2144489
2144490
2144491
2144492
2144493
2144494
2144495
2144496
2144497
2144498
2144499
2144500
2144501
2144502
2144503
2144504
2144505
2144506
2144507
2144508
2144509
2144510
2144511
2144512
2144513
2144514
2144515
2144516
2144517
2144518
2144519
2144520
2144521
2144522
2144523
2144524
2144525
2144526
2144527
2144528
2144529
2144530
2144531
2144532
2144533
2144534
2144535
2144536
2144537
2144538
2144539
2144540
2144541
2144542
2144543
2144544
2144545
2144546
2144547
2144548
2144549
2144550
2144551
2144552
2144553
2144554
2144555
2144556
2144557
2144558
2144559
2144560
2144561
2144562
2144563
2144564
2144565
2144566
2144567
2144568
2144569
2144570
2144571
2144572
2144573
2144574
2144575
2144576
2144577
2144578
2144579
2144580
2144581
2144582
2144583
2144584
2144585
2144586
2144587
2144588
2144589
2144590
2144591
2144592
2144593
2144594
2144595
2144596
2144597
2144598
2144599
2144600
2144601
2144602
2144603
2144604
2144605
2144606
2144607
2144608
2144609
2144610
2144611
2144612
2144613
2144614
2144615
2144616
2144617
2144618
2144619
2144620
2144621
2144622
2144623
2144624
2144625
2144626
2144627
2144628
2144629
2144630
2144631
2144632
2144633
2144634
2144635
2144636
2144637
2144638
2144639
2144640
2144641
2144642
2144643
2144644
2144645
2144646
2144647
2144648
2144649
2144650
2144651
2144652
2144653
2144654
2144655
2144656
2144657
2144658
2144659
2144660
2144661
2144662
2144663
2144664
2144665
2144666
2144667
2144668
2144669
2144670
2144671
2144672
2144673
2144674
2144675
2144676
2144677
2144678
2144679
2144680
2144681
2144682
2144683
2144684
2144685
2144686
2144687
2144688
2144689
2144690
2144691
2144692
2144693
2144694
2144695
2144696
2144697
2144698
2144699
2144700
2144701
2144702
2144703
2144704
2144705
2144706
2144707
2144708
2144709
2144710
2144711
2144712
2144713
2144714
2144715
2144716
2144717
2144718
