2161709
2161710
2161711
2161712
2161713
2161714
2161715
2161716
2161717
2161718
2161719
2161720
2161721
2161722
2161723
2161724
2161725
2161726
2161727
2161728
2161729
2161730
2161731
2161732
2161733
2161734
2161735
2161736
2161737
2161738
2161739
2161740
2161741
2161742
2161743
2161744
2161745
2161746
2161747
2161748
2161749
2161750
2161751
2161752
2161753
2161754
2161755
2161756
2161757
2161758
2161759
2161760
2161761
2161762
2161763
2161764
2161765
2161766
2161767
2161768
2161769
2161770
2161771
2161772
2161773
2161774
2161775
2161776
2161777
2161778
2161779
2161780
2161781
2161782
2161783
2161784
2161785
2161786
2161787
2161788
2161789
2161790
2161791
2161792
2161793
2161794
2161795
2161796
2161797
2161798
2161799
2161800
2161801
2161802
2161803
2161804
2161805
2161806
2161807
2161808
2161809
2161810
2161811
2161812
2161813
2161814
2161815
2161816
2161817
2161818
2161819
2161820
2161821
2161822
2161823
2161824
2161825
2161826
2161827
2161828
2161829
2161830
2161831
2161832
2161833
2161834
2161835
2161836
2161837
2161838
2161839
2161840
2161841
2161842
2161843
2161844
2161845
2161846
2161847
2161848
2161849
2161850
2161851
2161852
2161853
2161854
2161855
2161856
2161857
2161858
2161859
2161860
2161861
2161862
2161863
2161864
2161865
2161866
2161867
2161868
2161869
2161870
2161871
2161872
2161873
2161874
2161875
2161876
2161877
2161878
2161879
2161880
2161881
2161882
2161883
2161884
2161885
2161886
2161887
2161888
2161889
2161890
2161891
2161892
2161893
2161894
2161895
2161896
2161897
2161898
2161899
2161900
2161901
2161902
2161903
2161904
2161905
2161906
2161907
2161908
2161909
2161910
2161911
2161912
2161913
2161914
2161915
2161916
2161917
2161918
2161919
2161920
2161921
2161922
2161923
2161924
2161925
2161926
2161927
2161928
2161929
2161930
2161931
2161932
2161933
2161934
2161935
2161936
2161937
2161938
2161939
2161940
2161941
2161942
2161943
2161944
2161945
2161946
2161947
2161948
2161949
2161950
2161951
2161952
2161953
2161954
2161955
2161956
2161957
2161958
2161959
2161960
2161961
2161962
2161963
2161964
2161965
2161966
2161967
2161968
2161969
2161970
2161971
2161972
2161973
2161974
2161975
2161976
2161977
2161978
2161979
2161980
2161981
2161982
2161983
2161984
2161985
2161986
2161987
2161988
2161989
2161990
2161991
2161992
2161993
2161994
2161995
2161996
2161997
2161998
2161999
2162000
2162001
2162002
2162003
2162004
2162005
2162006
2162007
2162008
2162009
2162010
2162011
2162012
