2142914
2142915
2142916
2142917
2142918
2142919
2142920
2142921
2142922
2142923
2142924
2142925
2142926
2142927
2142928
2142929
2142930
2142931
2142932
2142933
2142934
2142935
2142936
2142937
2142938
2142939
2142940
2142941
2142942
2142943
2142944
2142945
2142946
2142947
2142948
2142949
2142950
2142951
2142952
2142953
2142954
2142955
2142956
2142957
2142958
2142959
2142960
2142961
2142962
2142963
2142964
2142965
2142966
2142967
2142968
2142969
2142970
2142971
2142972
2142973
2142974
2142975
2142976
2142977
2142978
2142979
2142980
2142981
2142982
2142983
2142984
2142985
2142986
2142987
2142988
2142989
2142990
2142991
2142992
2142993
2142994
2142995
2142996
2142997
2142998
2142999
2143000
2143001
2143002
2143003
2143004
2143005
2143006
2143007
2143008
2143009
2143010
2143011
2143012
2143013
2143014
2143015
2143016
2143017
2143018
2143019
2143020
2143021
2143022
2143023
2143024
2143025
2143026
2143027
2143028
2143029
2143030
2143031
2143032
2143033
2143034
2143035
2143036
2143037
2143038
2143039
2143040
2143041
2143042
2143043
2143044
2143045
2143046
2143047
2143048
2143049
2143050
2143051
2143052
2143053
2143054
2143055
2143056
2143057
2143058
2143059
2143060
2143061
2143062
2143063
2143064
2143065
2143066
2143067
2143068
2143069
2143070
2143071
2143072
2143073
2143074
2143075
2143076
2143077
2143078
2143079
2143080
2143081
2143082
2143083
2143084
2143085
2143086
2143087
2143088
2143089
2143090
2143091
2143092
2143093
2143094
2143095
2143096
2143097
2143098
2143099
2143100
2143101
2143102
2143103
2143104
2143105
2143106
2143107
2143108
2143109
2143110
2143111
2143112
2143113
2143114
2143115
2143116
2143117
2143118
2143119
2143120
2143121
2143122
2143123
2143124
2143125
2143126
2143127
2143128
2143129
2143130
2143131
2143132
2143133
2143134
2143135
2143136
2143137
2143138
2143139
2143140
2143141
2143142
2143143
2143144
2143145
2143146
2143147
2143148
2143149
2143150
2143151
2143152
2143153
2143154
2143155
2143156
2143157
2143158
2143159
2143160
2143161
2143162
2143163
2143164
2143165
2143166
2143167
2143168
2143169
2143170
2143171
2143172
2143173
2143174
2143175
2143176
2143177
2143178
2143179
2143180
2143181
2143182
2143183
2143184
2143185
2143186
2143187
2143188
2143189
2143190
2143191
2143192
2143193
2143194
2143195
2143196
2143197
2143198
2143199
2143200
2143201
2143202
2143203
2143204
2143205
2143206
2143207
2143208
2143209
2143210
2143211
2143212
2143213
2143214
2143215
2143216
2143217
2143218
2143219
2143220
2143221
2143222
2143223
2143224
2143225
2143226
2143227
2143228
2143229
2143230
2143231
2143232
2143233
2143234
2143235
2143236
2143237
2143238
2143239
