2154270
2154271
2154272
2154273
2154274
2154275
2154276
2154277
2154278
2154279
2154280
2154281
2154282
2154283
2154284
2154285
2154286
2154287
2154288
2154289
2154290
2154291
2154292
2154293
2154294
2154295
2154296
2154297
2154298
2154299
2154300
2154301
2154302
2154303
2154304
2154305
2154306
2154307
2154308
2154309
2154310
2154311
2154312
2154313
2154314
2154315
2154316
2154317
2154318
2154319
2154320
2154321
2154322
2154323
2154324
2154325
2154326
2154327
2154328
2154329
2154330
2154331
2154332
2154333
2154334
2154335
2154336
2154337
2154338
2154339
2154340
2154341
2154342
2154343
2154344
2154345
2154346
2154347
2154348
2154349
2154350
2154351
2154352
2154353
2154354
2154355
2154356
2154357
2154358
2154359
2154360
2154361
2154362
2154363
2154364
2154365
2154366
2154367
2154368
2154369
2154370
2154371
2154372
2154373
2154374
2154375
2154376
2154377
2154378
2154379
2154380
2154381
2154382
2154383
2154384
2154385
2154386
2154387
2154388
2154389
2154390
2154391
2154392
2154393
2154394
2154395
2154396
2154397
2154398
2154399
2154400
2154401
2154402
2154403
2154404
2154405
2154406
2154407
2154408
2154409
2154410
2154411
2154412
2154413
2154414
2154415
2154416
2154417
2154418
2154419
2154420
2154421
2154422
2154423
2154424
2154425
2154426
2154427
2154428
2154429
2154430
2154431
2154432
2154433
2154434
2154435
2154436
2154437
2154438
2154439
2154440
2154441
2154442
2154443
2154444
2154445
2154446
2154447
2154448
2154449
2154450
2154451
2154452
2154453
2154454
2154455
2154456
2154457
2154458
2154459
2154460
2154461
2154462
2154463
2154464
2154465
2154466
2154467
2154468
2154469
2154470
2154471
2154472
2154473
2154474
2154475
2154476
2154477
2154478
2154479
2154480
2154481
2154482
2154483
2154484
2154485
2154486
2154487
2154488
2154489
2154490
2154491
2154492
2154493
2154494
2154495
2154496
2154497
2154498
2154499
2154500
2154501
2154502
2154503
2154504
2154505
2154506
2154507
2154508
2154509
2154510
2154511
2154512
2154513
2154514
2154515
2154516
2154517
2154518
2154519
2154520
2154521
2154522
2154523
2154524
2154525
2154526
2154527
2154528
2154529
2154530
2154531
2154532
2154533
2154534
2154535
2154536
2154537
2154538
2154539
2154540
2154541
2154542
2154543
2154544
2154545
2154546
2154547
2154548
2154549
2154550
2154551
2154552
2154553
2154554
2154555
2154556
2154557
2154558
2154559
2154560
2154561
2154562
2154563
2154564
2154565
2154566
2154567
2154568
2154569
2154570
2154571
2154572
2154573
2154574
2154575
2154576
2154577
2154578
2154579
2154580
2154581
2154582
2154583
2154584
2154585
2154586
2154587
2154588
2154589
2154590
2154591
2154592
2154593
2154594
2154595
2154596
2154597
2154598
2154599
2154600
2154601
2154602
2154603
2154604
2154605
2154606
2154607
2154608
2154609
2154610
2154611
2154612
2154613
2154614
2154615
2154616
2154617
2154618
2154619
2154620
2154621
2154622
2154623
2154624
2154625
2154626
2154627
2154628
2154629
2154630
2154631
2154632
2154633
2154634
2154635
2154636
2154637
2154638
2154639
2154640
2154641
2154642
2154643
2154644
2154645
2154646
2154647
2154648
2154649
2154650
2154651
2154652
2154653
2154654
2154655
2154656
2154657
2154658
2154659
2154660
2154661
2154662
2154663
2154664
2154665
2154666
2154667
2154668
2154669
2154670
2154671
2154672
2154673
2154674
2154675
2154676
2154677
2154678
2154679
2154680
2154681
2154682
2154683
2154684
2154685
2154686
2154687
2154688
2154689
2154690
2154691
2154692
2154693
2154694
2154695
2154696
2154697
2154698
2154699
2154700
2154701
2154702
2154703
2154704
2154705
2154706
2154707
2154708
2154709
2154710
2154711
2154712
2154713
2154714
2154715
2154716
2154717
2154718
2154719
2154720
2154721
2154722
2154723
2154724
2154725
2154726
2154727
2154728
2154729
2154730
2154731
2154732
2154733
