2138461
2138462
2138463
2138464
2138465
2138466
2138467
2138468
2138469
2138470
2138471
2138472
2138473
2138474
2138475
2138476
2138477
2138478
2138479
2138480
2138481
2138482
2138483
2138484
2138485
2138486
2138487
2138488
2138489
2138490
2138491
2138492
2138493
2138494
2138495
2138496
2138497
2138498
2138499
2138500
2138501
2138502
2138503
2138504
2138505
2138506
2138507
2138508
2138509
2138510
2138511
2138512
2138513
2138514
2138515
2138516
2138517
2138518
2138519
2138520
2138521
2138522
2138523
2138524
2138525
2138526
2138527
2138528
2138529
2138530
2138531
2138532
2138533
2138534
2138535
2138536
2138537
2138538
2138539
2138540
2138541
2138542
2138543
2138544
2138545
2138546
2138547
2138548
2138549
2138550
2138551
2138552
2138553
2138554
2138555
2138556
2138557
2138558
2138559
2138560
2138561
2138562
2138563
2138564
2138565
2138566
2138567
2138568
2138569
2138570
2138571
2138572
2138573
2138574
2138575
2138576
2138577
2138578
2138579
2138580
2138581
2138582
2138583
2138584
2138585
2138586
2138587
2138588
2138589
2138590
2138591
2138592
2138593
2138594
2138595
2138596
2138597
2138598
2138599
2138600
2138601
2138602
2138603
2138604
2138605
2138606
2138607
2138608
2138609
2138610
2138611
2138612
2138613
2138614
2138615
2138616
2138617
2138618
2138619
2138620
2138621
2138622
2138623
2138624
2138625
2138626
2138627
2138628
2138629
2138630
2138631
2138632
2138633
2138634
2138635
2138636
2138637
2138638
2138639
2138640
2138641
2138642
2138643
2138644
2138645
2138646
2138647
2138648
2138649
2138650
2138651
2138652
2138653
2138654
2138655
2138656
2138657
2138658
2138659
2138660
2138661
2138662
2138663
2138664
2138665
2138666
2138667
2138668
2138669
2138670
2138671
2138672
2138673
2138674
2138675
2138676
2138677
2138678
2138679
2138680
2138681
2138682
2138683
2138684
2138685
2138686
2138687
2138688
2138689
2138690
2138691
2138692
2138693
2138694
2138695
2138696
2138697
2138698
2138699
2138700
2138701
2138702
2138703
2138704
2138705
2138706
2138707
2138708
2138709
2138710
2138711
2138712
2138713
2138714
2138715
2138716
2138717
2138718
2138719
2138720
2138721
2138722
2138723
2138724
2138725
2138726
2138727
2138728
2138729
2138730
2138731
2138732
2138733
2138734
2138735
2138736
2138737
2138738
2138739
2138740
2138741
2138742
2138743
2138744
2138745
2138746
2138747
2138748
2138749
2138750
2138751
2138752
2138753
2138754
2138755
2138756
2138757
2138758
2138759
2138760
2138761
2138762
2138763
2138764
2138765
2138766
2138767
2138768
2138769
2138770
2138771
2138772
2138773
2138774
2138775
2138776
2138777
2138778
2138779
2138780
2138781
2138782
2138783
2138784
2138785
2138786
2138787
2138788
2138789
2138790
2138791
2138792
2138793
2138794
2138795
2138796
2138797
2138798
2138799
2138800
2138801
2138802
2138803
2138804
2138805
2138806
2138807
2138808
2138809
2138810
2138811
2138812
2138813
2138814
2138815
2138816
2138817
2138818
2138819
2138820
2138821
2138822
2138823
2138824
2138825
2138826
2138827
2138828
2138829
2138830
2138831
2138832
2138833
