2138059
2138060
2138061
2138062
2138063
2138064
2138065
2138066
2138067
2138068
2138069
2138070
2138071
2138072
2138073
2138074
2138075
2138076
2138077
2138078
2138079
2138080
2138081
2138082
2138083
2138084
2138085
2138086
2138087
2138088
2138089
2138090
2138091
2138092
2138093
2138094
2138095
2138096
2138097
2138098
2138099
2138100
2138101
2138102
2138103
2138104
2138105
2138106
2138107
2138108
2138109
2138110
2138111
2138112
2138113
2138114
2138115
2138116
2138117
2138118
2138119
2138120
2138121
2138122
2138123
2138124
2138125
2138126
2138127
2138128
2138129
2138130
2138131
2138132
2138133
2138134
2138135
2138136
2138137
2138138
2138139
2138140
2138141
2138142
2138143
2138144
2138145
2138146
2138147
2138148
2138149
2138150
2138151
2138152
2138153
2138154
2138155
2138156
2138157
2138158
2138159
2138160
2138161
2138162
2138163
2138164
2138165
2138166
2138167
2138168
2138169
2138170
2138171
2138172
2138173
2138174
2138175
2138176
2138177
2138178
2138179
2138180
2138181
2138182
2138183
2138184
2138185
2138186
2138187
2138188
2138189
2138190
2138191
2138192
2138193
2138194
2138195
2138196
2138197
2138198
2138199
2138200
2138201
2138202
2138203
2138204
2138205
2138206
2138207
2138208
2138209
2138210
2138211
2138212
2138213
2138214
2138215
2138216
2138217
2138218
2138219
2138220
2138221
2138222
2138223
2138224
2138225
2138226
2138227
2138228
2138229
2138230
2138231
2138232
2138233
2138234
2138235
2138236
2138237
2138238
2138239
2138240
2138241
2138242
2138243
2138244
2138245
2138246
2138247
2138248
2138249
2138250
2138251
2138252
2138253
2138254
2138255
2138256
2138257
2138258
2138259
2138260
2138261
2138262
2138263
2138264
2138265
2138266
2138267
2138268
2138269
2138270
2138271
2138272
2138273
2138274
2138275
2138276
2138277
2138278
2138279
2138280
2138281
2138282
2138283
2138284
2138285
2138286
2138287
2138288
2138289
2138290
2138291
2138292
2138293
2138294
2138295
2138296
2138297
2138298
2138299
2138300
2138301
2138302
2138303
2138304
2138305
2138306
2138307
2138308
2138309
2138310
2138311
2138312
2138313
2138314
2138315
2138316
2138317
2138318
2138319
2138320
2138321
2138322
2138323
2138324
2138325
2138326
2138327
2138328
2138329
2138330
2138331
2138332
2138333
2138334
2138335
2138336
2138337
2138338
2138339
2138340
2138341
2138342
2138343
2138344
2138345
2138346
2138347
2138348
2138349
2138350
2138351
2138352
2138353
2138354
2138355
2138356
2138357
2138358
2138359
2138360
2138361
2138362
2138363
2138364
2138365
2138366
2138367
2138368
2138369
2138370
2138371
2138372
2138373
2138374
2138375
2138376
2138377
2138378
2138379
2138380
2138381
2138382
2138383
2138384
2138385
2138386
2138387
2138388
2138389
2138390
2138391
2138392
2138393
2138394
2138395
2138396
2138397
2138398
2138399
2138400
2138401
2138402
2138403
2138404
2138405
2138406
2138407
2138408
2138409
2138410
2138411
2138412
2138413
2138414
2138415
2138416
2138417
2138418
2138419
2138420
2138421
2138422
2138423
2138424
2138425
2138426
2138427
2138428
2138429
2138430
2138431
2138432
2138433
2138434
2138435
2138436
2138437
2138438
2138439
2138440
2138441
2138442
2138443
2138444
2138445
2138446
2138447
2138448
2138449
2138450
2138451
2138452
2138453
2138454
2138455
2138456
2138457
2138458
2138459
2138460
