2159033
2159034
2159035
2159036
2159037
2159038
2159039
2159040
2159041
2159042
2159043
2159044
2159045
2159046
2159047
2159048
2159049
2159050
2159051
2159052
2159053
2159054
2159055
2159056
2159057
2159058
2159059
2159060
2159061
2159062
2159063
2159064
2159065
2159066
2159067
2159068
2159069
2159070
2159071
2159072
2159073
2159074
2159075
2159076
2159077
2159078
2159079
2159080
2159081
2159082
2159083
2159084
2159085
2159086
2159087
2159088
2159089
2159090
2159091
2159092
2159093
2159094
2159095
2159096
2159097
2159098
2159099
2159100
2159101
2159102
2159103
2159104
2159105
2159106
2159107
2159108
2159109
2159110
2159111
2159112
2159113
2159114
2159115
2159116
2159117
2159118
2159119
2159120
2159121
2159122
2159123
2159124
2159125
2159126
2159127
2159128
2159129
2159130
2159131
2159132
2159133
2159134
2159135
2159136
2159137
2159138
2159139
2159140
2159141
2159142
2159143
2159144
2159145
2159146
2159147
2159148
2159149
2159150
2159151
2159152
2159153
2159154
2159155
2159156
2159157
2159158
2159159
2159160
2159161
2159162
2159163
2159164
2159165
2159166
2159167
2159168
2159169
2159170
2159171
2159172
2159173
2159174
2159175
2159176
2159177
2159178
2159179
2159180
2159181
2159182
2159183
2159184
2159185
2159186
2159187
2159188
2159189
2159190
2159191
2159192
2159193
2159194
2159195
2159196
2159197
2159198
2159199
2159200
2159201
2159202
2159203
2159204
2159205
2159206
2159207
2159208
2159209
2159210
2159211
2159212
2159213
2159214
2159215
2159216
2159217
2159218
2159219
2159220
2159221
2159222
2159223
2159224
2159225
2159226
2159227
2159228
2159229
2159230
2159231
2159232
2159233
2159234
2159235
2159236
2159237
2159238
2159239
2159240
2159241
2159242
2159243
2159244
2159245
2159246
2159247
2159248
2159249
2159250
2159251
2159252
2159253
2159254
2159255
2159256
2159257
2159258
2159259
2159260
2159261
2159262
2159263
2159264
2159265
2159266
2159267
2159268
2159269
2159270
2159271
2159272
2159273
2159274
2159275
2159276
2159277
2159278
2159279
2159280
2159281
2159282
2159283
2159284
2159285
2159286
2159287
2159288
2159289
2159290
2159291
2159292
2159293
2159294
2159295
2159296
2159297
2159298
2159299
2159300
2159301
2159302
2159303
2159304
2159305
2159306
2159307
2159308
2159309
2159310
2159311
2159312
2159313
2159314
2159315
2159316
2159317
2159318
2159319
2159320
2159321
2159322
2159323
2159324
2159325
2159326
2159327
2159328
2159329
2159330
2159331
2159332
2159333
2159334
2159335
2159336
2159337
2159338
2159339
2159340
2159341
2159342
2159343
2159344
2159345
2159346
2159347
2159348
2159349
2159350
2159351
2159352
2159353
2159354
2159355
2159356
2159357
2159358
2159359
2159360
2159361
2159362
2159363
2159364
2159365
2159366
2159367
2159368
2159369
2159370
2159371
2159372
2159373
2159374
2159375
2159376
2159377
2159378
2159379
2159380
2159381
2159382
2159383
2159384
2159385
2159386
2159387
2159388
2159389
2159390
2159391
2159392
2159393
2159394
2159395
2159396
2159397
2159398
2159399
2159400
2159401
2159402
2159403
2159404
2159405
2159406
2159407
2159408
2159409
2159410
2159411
2159412
2159413
2159414
2159415
2159416
2159417
2159418
2159419
2159420
