2162013
2162014
2162015
2162016
2162017
2162018
2162019
2162020
2162021
2162022
2162023
2162024
2162025
2162026
2162027
2162028
2162029
2162030
2162031
2162032
2162033
2162034
2162035
2162036
2162037
2162038
2162039
2162040
2162041
2162042
2162043
2162044
2162045
2162046
2162047
2162048
2162049
2162050
2162051
2162052
2162053
2162054
2162055
2162056
2162057
2162058
2162059
2162060
2162061
2162062
2162063
2162064
2162065
2162066
2162067
2162068
2162069
2162070
2162071
2162072
2162073
2162074
2162075
2162076
2162077
2162078
2162079
2162080
2162081
2162082
2162083
2162084
2162085
2162086
2162087
2162088
2162089
2162090
2162091
2162092
2162093
2162094
2162095
2162096
2162097
2162098
2162099
2162100
2162101
2162102
2162103
2162104
2162105
2162106
2162107
2162108
2162109
2162110
2162111
2162112
2162113
2162114
2162115
2162116
2162117
2162118
2162119
2162120
2162121
2162122
2162123
2162124
2162125
2162126
2162127
2162128
2162129
2162130
2162131
2162132
2162133
2162134
2162135
2162136
2162137
2162138
2162139
2162140
2162141
2162142
2162143
2162144
2162145
2162146
2162147
2162148
2162149
2162150
2162151
2162152
2162153
2162154
2162155
2162156
2162157
2162158
2162159
2162160
2162161
2162162
2162163
2162164
2162165
2162166
2162167
2162168
2162169
2162170
2162171
2162172
2162173
2162174
2162175
2162176
2162177
2162178
2162179
2162180
2162181
2162182
2162183
2162184
2162185
2162186
2162187
2162188
2162189
2162190
2162191
2162192
2162193
2162194
2162195
2162196
2162197
2162198
2162199
2162200
2162201
2162202
2162203
2162204
2162205
2162206
2162207
2162208
2162209
2162210
2162211
2162212
2162213
2162214
2162215
2162216
2162217
2162218
2162219
2162220
2162221
2162222
2162223
2162224
2162225
2162226
2162227
2162228
2162229
2162230
2162231
2162232
2162233
2162234
2162235
2162236
2162237
2162238
2162239
2162240
2162241
2162242
2162243
2162244
2162245
2162246
2162247
2162248
2162249
2162250
2162251
2162252
2162253
2162254
2162255
2162256
2162257
2162258
2162259
2162260
2162261
2162262
2162263
2162264
2162265
2162266
2162267
2162268
2162269
2162270
2162271
2162272
2162273
2162274
2162275
2162276
2162277
2162278
2162279
2162280
2162281
2162282
2162283
2162284
2162285
2162286
2162287
2162288
2162289
2162290
2162291
2162292
2162293
2162294
2162295
2162296
2162297
2162298
2162299
2162300
2162301
2162302
2162303
2162304
2162305
2162306
2162307
2162308
2162309
2162310
2162311
2162312
2162313
2162314
2162315
2162316
2162317
2162318
2162319
2162320
2162321
2162322
2162323
2162324
2162325
2162326
2162327
2162328
2162329
2162330
2162331
2162332
2162333
2162334
2162335
2162336
2162337
2162338
2162339
2162340
2162341
2162342
2162343
2162344
2162345
2162346
2162347
2162348
2162349
2162350
2162351
2162352
2162353
2162354
2162355
2162356
2162357
2162358
2162359
2162360
2162361
2162362
2162363
2162364
2162365
2162366
2162367
2162368
2162369
2162370
2162371
2162372
2162373
2162374
2162375
2162376
2162377
2162378
2162379
2162380
2162381
2162382
2162383
2162384
2162385
2162386
2162387
2162388
2162389
2162390
2162391
2162392
2162393
2162394
2162395
2162396
2162397
2162398
2162399
2162400
2162401
2162402
2162403
2162404
2162405
2162406
2162407
2162408
2162409
2162410
2162411
2162412
2162413
2162414
2162415
2162416
2162417
2162418
2162419
2162420
2162421
2162422
2162423
2162424
2162425
2162426
2162427
2162428
2162429
2162430
2162431
2162432
2162433
2162434
2162435
2162436
2162437
2162438
