2139995
2139996
2139997
2139998
2139999
2140000
2140001
2140002
2140003
2140004
2140005
2140006
2140007
2140008
2140009
2140010
2140011
2140012
2140013
2140014
2140015
2140016
2140017
2140018
2140019
2140020
2140021
2140022
2140023
2140024
2140025
2140026
2140027
2140028
2140029
2140030
2140031
2140032
2140033
2140034
2140035
2140036
2140037
2140038
2140039
2140040
2140041
2140042
2140043
2140044
2140045
2140046
2140047
2140048
2140049
2140050
2140051
2140052
2140053
2140054
2140055
2140056
2140057
2140058
2140059
2140060
2140061
2140062
2140063
2140064
2140065
2140066
2140067
2140068
2140069
2140070
2140071
2140072
2140073
2140074
2140075
2140076
2140077
2140078
2140079
2140080
2140081
2140082
2140083
2140084
2140085
2140086
2140087
2140088
2140089
2140090
2140091
2140092
2140093
2140094
2140095
2140096
2140097
2140098
2140099
2140100
2140101
2140102
2140103
2140104
2140105
2140106
2140107
2140108
2140109
2140110
2140111
2140112
2140113
2140114
2140115
2140116
2140117
2140118
2140119
2140120
2140121
2140122
2140123
2140124
2140125
2140126
2140127
2140128
2140129
2140130
2140131
2140132
2140133
2140134
2140135
2140136
2140137
2140138
2140139
2140140
2140141
2140142
2140143
2140144
2140145
2140146
2140147
2140148
2140149
2140150
2140151
2140152
2140153
2140154
2140155
2140156
2140157
2140158
2140159
2140160
2140161
2140162
2140163
2140164
2140165
2140166
2140167
2140168
2140169
2140170
2140171
2140172
2140173
2140174
2140175
2140176
2140177
2140178
2140179
2140180
2140181
2140182
2140183
2140184
2140185
2140186
2140187
2140188
2140189
2140190
2140191
2140192
2140193
2140194
2140195
2140196
2140197
2140198
2140199
2140200
2140201
2140202
2140203
2140204
2140205
2140206
2140207
2140208
2140209
2140210
2140211
2140212
2140213
2140214
2140215
2140216
2140217
2140218
2140219
2140220
2140221
2140222
2140223
2140224
2140225
2140226
2140227
2140228
2140229
2140230
2140231
2140232
2140233
2140234
2140235
2140236
2140237
2140238
2140239
2140240
2140241
2140242
2140243
2140244
2140245
2140246
2140247
2140248
2140249
2140250
2140251
2140252
2140253
2140254
2140255
2140256
2140257
2140258
2140259
2140260
2140261
2140262
2140263
2140264
2140265
2140266
2140267
2140268
2140269
2140270
2140271
2140272
2140273
2140274
2140275
2140276
2140277
2140278
2140279
2140280
2140281
2140282
2140283
2140284
2140285
2140286
2140287
2140288
2140289
2140290
2140291
2140292
2140293
2140294
2140295
2140296
2140297
2140298
2140299
2140300
2140301
2140302
2140303
2140304
2140305
2140306
2140307
2140308
2140309
2140310
2140311
2140312
2140313
2140314
2140315
2140316
2140317
2140318
2140319
2140320
2140321
2140322
2140323
2140324
2140325
2140326
2140327
2140328
2140329
2140330
2140331
2140332
2140333
2140334
2140335
2140336
2140337
2140338
2140339
2140340
2140341
2140342
2140343
2140344
2140345
2140346
2140347
2140348
2140349
2140350
2140351
2140352
2140353
2140354
2140355
2140356
2140357
2140358
2140359
2140360
2140361
2140362
2140363
2140364
2140365
2140366
2140367
2140368
2140369
2140370
2140371
2140372
2140373
2140374
2140375
2140376
2140377
2140378
2140379
2140380
2140381
2140382
2140383
2140384
2140385
2140386
2140387
2140388
2140389
2140390
2140391
2140392
2140393
2140394
2140395
2140396
2140397
2140398
2140399
2140400
2140401
2140402
2140403
2140404
2140405
2140406
2140407
2140408
2140409
2140410
2140411
2140412
2140413
2140414
2140415
2140416
2140417
2140418
2140419
2140420
2140421
2140422
2140423
2140424
2140425
2140426
2140427
2140428
2140429
2140430
2140431
2140432
2140433
2140434
2140435
2140436
2140437
2140438
2140439
2140440
2140441
2140442
2140443
2140444
2140445
2140446
2140447
2140448
2140449
2140450
2140451
2140452
2140453
2140454
2140455
2140456
2140457
2140458
2140459
2140460
2140461
2140462
2140463
2140464
2140465
2140466
2140467
2140468
2140469
2140470
2140471
2140472
2140473
2140474
2140475
2140476
2140477
2140478
2140479
2140480
2140481
2140482
2140483
2140484
2140485
2140486
2140487
2140488
2140489
2140490
2140491
2140492
2140493
2140494
2140495
2140496
2140497
2140498
2140499
2140500
2140501
2140502
2140503
2140504
2140505
2140506
2140507
2140508
2140509
2140510
2140511
2140512
2140513
2140514
2140515
2140516
2140517
2140518
2140519
2140520
2140521
2140522
2140523
2140524
2140525
2140526
2140527
2140528
2140529
2140530
2140531
2140532
2140533
2140534
2140535
2140536
2140537
2140538
2140539
2140540
2140541
2140542
2140543
2140544
2140545
2140546
2140547
2140548
2140549
2140550
2140551
2140552
2140553
2140554
2140555
2140556
2140557
2140558
2140559
2140560
2140561
2140562
2140563
2140564
2140565
2140566
2140567
2140568
2140569
2140570
2140571
2140572
2140573
2140574
2140575
2140576
2140577
2140578
2140579
2140580
2140581
2140582
2140583
2140584
2140585
2140586
2140587
2140588
2140589
2140590
2140591
2140592
2140593
2140594
2140595
2140596
2140597
2140598
2140599
2140600
2140601
2140602
2140603
2140604
2140605
2140606
2140607
2140608
2140609
2140610
2140611
2140612
