2145544
2145545
2145546
2145547
2145548
2145549
2145550
2145551
2145552
2145553
2145554
2145555
2145556
2145557
2145558
2145559
2145560
2145561
2145562
2145563
2145564
2145565
2145566
2145567
2145568
2145569
2145570
2145571
2145572
2145573
2145574
2145575
2145576
2145577
2145578
2145579
2145580
2145581
2145582
2145583
2145584
2145585
2145586
2145587
2145588
2145589
2145590
2145591
2145592
2145593
2145594
2145595
2145596
2145597
2145598
2145599
2145600
2145601
2145602
2145603
2145604
2145605
2145606
2145607
2145608
2145609
2145610
2145611
2145612
2145613
2145614
2145615
2145616
2145617
2145618
2145619
2145620
2145621
2145622
2145623
2145624
2145625
2145626
2145627
2145628
2145629
2145630
2145631
2145632
2145633
2145634
2145635
2145636
2145637
2145638
2145639
2145640
2145641
2145642
2145643
2145644
2145645
2145646
2145647
2145648
2145649
2145650
2145651
2145652
2145653
2145654
2145655
2145656
2145657
2145658
2145659
2145660
2145661
2145662
2145663
2145664
2145665
2145666
2145667
2145668
2145669
2145670
2145671
2145672
2145673
2145674
2145675
2145676
2145677
2145678
2145679
2145680
2145681
2145682
2145683
2145684
2145685
2145686
2145687
2145688
2145689
2145690
2145691
2145692
2145693
2145694
2145695
2145696
2145697
2145698
2145699
2145700
2145701
2145702
2145703
2145704
2145705
2145706
2145707
2145708
2145709
2145710
2145711
2145712
2145713
2145714
2145715
2145716
2145717
2145718
2145719
2145720
2145721
2145722
2145723
2145724
2145725
2145726
2145727
2145728
2145729
2145730
2145731
2145732
2145733
2145734
2145735
2145736
2145737
2145738
2145739
2145740
2145741
2145742
2145743
2145744
2145745
2145746
2145747
2145748
2145749
2145750
2145751
2145752
2145753
2145754
2145755
2145756
2145757
2145758
2145759
2145760
2145761
2145762
2145763
2145764
2145765
2145766
2145767
2145768
2145769
2145770
2145771
2145772
2145773
2145774
2145775
2145776
2145777
2145778
2145779
2145780
2145781
2145782
2145783
2145784
2145785
2145786
2145787
2145788
2145789
2145790
2145791
2145792
2145793
2145794
2145795
2145796
2145797
2145798
2145799
2145800
2145801
2145802
2145803
2145804
2145805
2145806
2145807
2145808
2145809
2145810
2145811
2145812
2145813
2145814
2145815
2145816
2145817
2145818
2145819
2145820
2145821
2145822
2145823
2145824
2145825
2145826
2145827
2145828
2145829
2145830
2145831
2145832
2145833
2145834
2145835
2145836
2145837
2145838
2145839
2145840
2145841
2145842
2145843
2145844
2145845
2145846
2145847
2145848
2145849
2145850
2145851
2145852
2145853
2145854
2145855
2145856
2145857
2145858
2145859
2145860
2145861
2145862
2145863
2145864
2145865
2145866
2145867
2145868
2145869
2145870
2145871
2145872
2145873
2145874
2145875
2145876
2145877
2145878
2145879
2145880
2145881
2145882
2145883
2145884
2145885
2145886
2145887
2145888
2145889
2145890
2145891
2145892
2145893
2145894
2145895
2145896
2145897
2145898
2145899
2145900
2145901
2145902
2145903
2145904
2145905
2145906
2145907
2145908
2145909
2145910
2145911
2145912
2145913
2145914
2145915
2145916
2145917
2145918
2145919
2145920
2145921
2145922
2145923
2145924
2145925
2145926
2145927
2145928
2145929
2145930
2145931
2145932
2145933
2145934
2145935
2145936
2145937
2145938
2145939
2145940
2145941
2145942
2145943
2145944
2145945
2145946
2145947
2145948
2145949
2145950
2145951
2145952
2145953
2145954
2145955
2145956
2145957
2145958
2145959
2145960
2145961
2145962
2145963
2145964
2145965
2145966
2145967
2145968
2145969
2145970
2145971
2145972
2145973
2145974
2145975
2145976
2145977
2145978
2145979
2145980
2145981
2145982
2145983
2145984
2145985
2145986
2145987
2145988
2145989
2145990
2145991
