2148269
2148270
2148271
2148272
2148273
2148274
2148275
2148276
2148277
2148278
2148279
2148280
2148281
2148282
2148283
2148284
2148285
2148286
2148287
2148288
2148289
2148290
2148291
2148292
2148293
2148294
2148295
2148296
2148297
2148298
2148299
2148300
2148301
2148302
2148303
2148304
2148305
2148306
2148307
2148308
2148309
2148310
2148311
2148312
2148313
2148314
2148315
2148316
2148317
2148318
2148319
2148320
2148321
2148322
2148323
2148324
2148325
2148326
2148327
2148328
2148329
2148330
2148331
2148332
2148333
2148334
2148335
2148336
2148337
2148338
2148339
2148340
2148341
2148342
2148343
2148344
2148345
2148346
2148347
2148348
2148349
2148350
2148351
2148352
2148353
2148354
2148355
2148356
2148357
2148358
2148359
2148360
2148361
2148362
2148363
2148364
2148365
2148366
2148367
2148368
2148369
2148370
2148371
2148372
2148373
2148374
2148375
2148376
2148377
2148378
2148379
2148380
2148381
2148382
2148383
2148384
2148385
2148386
2148387
2148388
2148389
2148390
2148391
2148392
2148393
2148394
2148395
2148396
2148397
2148398
2148399
2148400
2148401
2148402
2148403
2148404
2148405
2148406
2148407
2148408
2148409
2148410
2148411
2148412
2148413
2148414
2148415
2148416
2148417
2148418
2148419
2148420
2148421
2148422
2148423
2148424
2148425
2148426
2148427
2148428
2148429
2148430
2148431
2148432
2148433
2148434
2148435
2148436
2148437
2148438
2148439
2148440
2148441
2148442
2148443
2148444
2148445
2148446
2148447
2148448
2148449
2148450
2148451
2148452
2148453
2148454
2148455
2148456
2148457
2148458
2148459
2148460
2148461
2148462
2148463
2148464
2148465
2148466
2148467
2148468
2148469
2148470
2148471
2148472
2148473
2148474
2148475
2148476
2148477
2148478
2148479
2148480
2148481
2148482
2148483
2148484
2148485
2148486
2148487
2148488
2148489
2148490
2148491
2148492
2148493
2148494
2148495
2148496
2148497
2148498
2148499
2148500
2148501
2148502
2148503
2148504
2148505
2148506
2148507
2148508
2148509
2148510
2148511
2148512
2148513
2148514
2148515
2148516
2148517
2148518
2148519
2148520
2148521
2148522
2148523
2148524
2148525
2148526
2148527
2148528
2148529
2148530
2148531
2148532
2148533
2148534
2148535
2148536
2148537
2148538
2148539
2148540
2148541
2148542
2148543
2148544
2148545
2148546
2148547
2148548
2148549
2148550
2148551
2148552
2148553
2148554
2148555
2148556
2148557
2148558
2148559
2148560
2148561
2148562
2148563
2148564
2148565
2148566
2148567
2148568
2148569
2148570
2148571
2148572
2148573
2148574
2148575
2148576
2148577
2148578
2148579
2148580
2148581
2148582
2148583
2148584
2148585
2148586
2148587
2148588
2148589
2148590
2148591
2148592
2148593
2148594
2148595
2148596
2148597
2148598
2148599
2148600
2148601
2148602
2148603
2148604
2148605
2148606
2148607
2148608
2148609
2148610
2148611
2148612
2148613
2148614
2148615
2148616
2148617
2148618
2148619
2148620
2148621
2148622
2148623
2148624
2148625
2148626
2148627
2148628
2148629
2148630
2148631
2148632
2148633
2148634
2148635
2148636
2148637
2148638
2148639
2148640
2148641
2148642
2148643
2148644
2148645
2148646
2148647
2148648
2148649
2148650
2148651
2148652
2148653
2148654
2148655
2148656
2148657
2148658
2148659
2148660
2148661
2148662
2148663
2148664
2148665
2148666
2148667
2148668
2148669
2148670
2148671
2148672
2148673
2148674
2148675
2148676
2148677
2148678
2148679
2148680
2148681
2148682
2148683
2148684
2148685
2148686
2148687
2148688
2148689
2148690
2148691
2148692
2148693
2148694
2148695
2148696
2148697
2148698
2148699
2148700
2148701
2148702
2148703
2148704
2148705
2148706
2148707
2148708
2148709
2148710
2148711
2148712
2148713
2148714
2148715
2148716
2148717
2148718
2148719
