2161257
2161258
2161259
2161260
2161261
2161262
2161263
2161264
2161265
2161266
2161267
2161268
2161269
2161270
2161271
2161272
2161273
2161274
2161275
2161276
2161277
2161278
2161279
2161280
2161281
2161282
2161283
2161284
2161285
2161286
2161287
2161288
2161289
2161290
2161291
2161292
2161293
2161294
2161295
2161296
2161297
2161298
2161299
2161300
2161301
2161302
2161303
2161304
2161305
2161306
2161307
2161308
2161309
2161310
2161311
2161312
2161313
2161314
2161315
2161316
2161317
2161318
2161319
2161320
2161321
2161322
2161323
2161324
2161325
2161326
2161327
2161328
2161329
2161330
2161331
2161332
2161333
2161334
2161335
2161336
2161337
2161338
2161339
2161340
2161341
2161342
2161343
2161344
2161345
2161346
2161347
2161348
2161349
2161350
2161351
2161352
2161353
2161354
2161355
2161356
2161357
2161358
2161359
2161360
2161361
2161362
2161363
2161364
2161365
2161366
2161367
2161368
2161369
2161370
2161371
2161372
2161373
2161374
2161375
2161376
2161377
2161378
2161379
2161380
2161381
2161382
2161383
2161384
2161385
2161386
2161387
2161388
2161389
2161390
2161391
2161392
2161393
2161394
2161395
2161396
2161397
2161398
2161399
2161400
2161401
2161402
2161403
2161404
2161405
2161406
2161407
2161408
2161409
2161410
2161411
2161412
2161413
2161414
2161415
2161416
2161417
2161418
2161419
2161420
2161421
2161422
2161423
2161424
2161425
2161426
2161427
2161428
2161429
2161430
2161431
2161432
2161433
2161434
2161435
2161436
2161437
2161438
2161439
2161440
2161441
2161442
2161443
2161444
2161445
2161446
2161447
2161448
2161449
2161450
2161451
2161452
2161453
2161454
2161455
2161456
2161457
2161458
2161459
2161460
2161461
2161462
2161463
2161464
2161465
2161466
2161467
2161468
2161469
2161470
2161471
2161472
2161473
2161474
2161475
2161476
2161477
2161478
2161479
2161480
2161481
2161482
2161483
2161484
2161485
2161486
2161487
2161488
2161489
2161490
2161491
2161492
2161493
2161494
2161495
2161496
2161497
2161498
2161499
2161500
2161501
2161502
2161503
2161504
2161505
2161506
2161507
2161508
2161509
2161510
2161511
2161512
2161513
2161514
2161515
2161516
2161517
2161518
2161519
2161520
2161521
2161522
2161523
2161524
2161525
2161526
2161527
2161528
2161529
2161530
2161531
2161532
2161533
2161534
2161535
2161536
2161537
2161538
2161539
2161540
2161541
2161542
2161543
2161544
2161545
2161546
2161547
2161548
2161549
2161550
2161551
2161552
2161553
2161554
2161555
2161556
2161557
2161558
2161559
2161560
2161561
2161562
2161563
2161564
2161565
2161566
2161567
2161568
2161569
2161570
2161571
2161572
2161573
2161574
2161575
2161576
2161577
2161578
2161579
2161580
2161581
2161582
2161583
2161584
2161585
2161586
2161587
2161588
2161589
2161590
2161591
2161592
2161593
2161594
2161595
2161596
2161597
2161598
2161599
2161600
2161601
2161602
2161603
2161604
2161605
2161606
2161607
2161608
2161609
2161610
2161611
2161612
2161613
2161614
2161615
2161616
2161617
2161618
2161619
2161620
2161621
2161622
2161623
2161624
2161625
2161626
2161627
2161628
2161629
2161630
2161631
2161632
2161633
2161634
2161635
2161636
2161637
2161638
2161639
2161640
2161641
2161642
2161643
2161644
2161645
2161646
2161647
2161648
2161649
2161650
2161651
2161652
2161653
2161654
2161655
2161656
2161657
2161658
2161659
2161660
2161661
2161662
2161663
2161664
2161665
2161666
2161667
2161668
2161669
2161670
2161671
2161672
2161673
2161674
2161675
2161676
2161677
2161678
2161679
2161680
2161681
2161682
2161683
2161684
2161685
2161686
2161687
2161688
2161689
2161690
2161691
2161692
2161693
2161694
2161695
2161696
2161697
2161698
2161699
2161700
2161701
2161702
2161703
2161704
2161705
2161706
2161707
2161708
