2158523
2158524
2158525
2158526
2158527
2158528
2158529
2158530
2158531
2158532
2158533
2158534
2158535
2158536
2158537
2158538
2158539
2158540
2158541
2158542
2158543
2158544
2158545
2158546
2158547
2158548
2158549
2158550
2158551
2158552
2158553
2158554
2158555
2158556
2158557
2158558
2158559
2158560
2158561
2158562
2158563
2158564
2158565
2158566
2158567
2158568
2158569
2158570
2158571
2158572
2158573
2158574
2158575
2158576
2158577
2158578
2158579
2158580
2158581
2158582
2158583
2158584
2158585
2158586
2158587
2158588
2158589
2158590
2158591
2158592
2158593
2158594
2158595
2158596
2158597
2158598
2158599
2158600
2158601
2158602
2158603
2158604
2158605
2158606
2158607
2158608
2158609
2158610
2158611
2158612
2158613
2158614
2158615
2158616
2158617
2158618
2158619
2158620
2158621
2158622
2158623
2158624
2158625
2158626
2158627
2158628
2158629
2158630
2158631
2158632
2158633
2158634
2158635
2158636
2158637
2158638
2158639
2158640
2158641
2158642
2158643
2158644
2158645
2158646
2158647
2158648
2158649
2158650
2158651
2158652
2158653
2158654
2158655
2158656
2158657
2158658
2158659
2158660
2158661
2158662
2158663
2158664
2158665
2158666
2158667
2158668
2158669
2158670
2158671
2158672
2158673
2158674
2158675
2158676
2158677
2158678
2158679
2158680
2158681
2158682
2158683
2158684
2158685
2158686
2158687
2158688
2158689
2158690
2158691
2158692
2158693
2158694
2158695
2158696
2158697
2158698
2158699
2158700
2158701
2158702
2158703
2158704
2158705
2158706
2158707
2158708
2158709
2158710
2158711
2158712
2158713
2158714
2158715
2158716
2158717
2158718
2158719
2158720
2158721
2158722
2158723
2158724
2158725
2158726
2158727
2158728
2158729
2158730
2158731
2158732
2158733
2158734
2158735
2158736
2158737
2158738
2158739
2158740
2158741
2158742
2158743
2158744
2158745
2158746
2158747
2158748
2158749
2158750
2158751
2158752
2158753
2158754
2158755
2158756
2158757
2158758
2158759
2158760
2158761
2158762
2158763
2158764
2158765
2158766
2158767
2158768
2158769
2158770
2158771
2158772
2158773
2158774
2158775
2158776
2158777
2158778
2158779
2158780
2158781
2158782
2158783
2158784
2158785
2158786
2158787
2158788
2158789
2158790
2158791
2158792
2158793
2158794
2158795
2158796
2158797
2158798
2158799
2158800
2158801
2158802
2158803
2158804
2158805
2158806
2158807
2158808
2158809
2158810
2158811
2158812
2158813
2158814
2158815
2158816
2158817
2158818
2158819
2158820
2158821
2158822
2158823
2158824
2158825
2158826
2158827
2158828
2158829
2158830
2158831
2158832
2158833
2158834
2158835
2158836
2158837
2158838
2158839
2158840
2158841
2158842
2158843
2158844
2158845
2158846
2158847
2158848
2158849
2158850
2158851
2158852
2158853
2158854
2158855
2158856
2158857
2158858
2158859
2158860
2158861
2158862
2158863
2158864
2158865
2158866
2158867
2158868
2158869
2158870
2158871
2158872
2158873
2158874
2158875
2158876
2158877
2158878
2158879
2158880
2158881
2158882
2158883
2158884
2158885
2158886
2158887
2158888
2158889
2158890
2158891
2158892
2158893
2158894
2158895
2158896
2158897
2158898
2158899
2158900
2158901
2158902
2158903
2158904
2158905
2158906
2158907
2158908
2158909
2158910
2158911
2158912
2158913
2158914
2158915
2158916
2158917
2158918
2158919
2158920
2158921
2158922
2158923
2158924
2158925
2158926
2158927
2158928
2158929
2158930
2158931
2158932
2158933
2158934
2158935
2158936
2158937
2158938
2158939
2158940
2158941
2158942
2158943
2158944
2158945
2158946
2158947
2158948
2158949
2158950
2158951
2158952
2158953
2158954
2158955
2158956
2158957
2158958
2158959
2158960
2158961
2158962
2158963
2158964
2158965
2158966
2158967
2158968
2158969
2158970
2158971
2158972
2158973
2158974
2158975
2158976
2158977
2158978
2158979
2158980
2158981
2158982
2158983
2158984
2158985
2158986
2158987
2158988
2158989
2158990
2158991
2158992
2158993
2158994
2158995
2158996
2158997
2158998
2158999
2159000
2159001
2159002
2159003
2159004
2159005
2159006
2159007
2159008
2159009
2159010
2159011
2159012
2159013
2159014
2159015
2159016
2159017
2159018
2159019
2159020
2159021
2159022
2159023
2159024
2159025
2159026
2159027
2159028
2159029
2159030
2159031
