2143240
2143241
2143242
2143243
2143244
2143245
2143246
2143247
2143248
2143249
2143250
2143251
2143252
2143253
2143254
2143255
2143256
2143257
2143258
2143259
2143260
2143261
2143262
2143263
2143264
2143265
2143266
2143267
2143268
2143269
2143270
2143271
2143272
2143273
2143274
2143275
2143276
2143277
2143278
2143279
2143280
2143281
2143282
2143283
2143284
2143285
2143286
2143287
2143288
2143289
2143290
2143291
2143292
2143293
2143294
2143295
2143296
2143297
2143298
2143299
2143300
2143301
2143302
2143303
2143304
2143305
2143306
2143307
2143308
2143309
2143310
2143311
2143312
2143313
2143314
2143315
2143316
2143317
2143318
2143319
2143320
2143321
2143322
2143323
2143324
2143325
2143326
2143327
2143328
2143329
2143330
2143331
2143332
2143333
2143334
2143335
2143336
2143337
2143338
2143339
2143340
2143341
2143342
2143343
2143344
2143345
2143346
2143347
2143348
2143349
2143350
2143351
2143352
2143353
2143354
2143355
2143356
2143357
2143358
2143359
2143360
2143361
2143362
2143363
2143364
2143365
2143366
2143367
2143368
2143369
2143370
2143371
2143372
2143373
2143374
2143375
2143376
2143377
2143378
2143379
2143380
2143381
2143382
2143383
2143384
2143385
2143386
2143387
2143388
2143389
2143390
2143391
2143392
2143393
2143394
2143395
2143396
2143397
2143398
2143399
2143400
2143401
2143402
2143403
2143404
2143405
2143406
2143407
2143408
2143409
2143410
2143411
2143412
2143413
2143414
2143415
2143416
2143417
2143418
2143419
2143420
2143421
2143422
2143423
2143424
2143425
2143426
2143427
2143428
2143429
2143430
2143431
2143432
2143433
2143434
2143435
2143436
2143437
2143438
2143439
2143440
2143441
2143442
2143443
2143444
2143445
2143446
2143447
2143448
2143449
2143450
2143451
2143452
2143453
2143454
2143455
2143456
2143457
2143458
2143459
2143460
2143461
2143462
2143463
2143464
2143465
2143466
2143467
2143468
2143469
2143470
2143471
2143472
2143473
2143474
2143475
2143476
2143477
2143478
2143479
2143480
2143481
2143482
2143483
2143484
2143485
2143486
2143487
2143488
2143489
2143490
2143491
2143492
2143493
2143494
2143495
2143496
2143497
2143498
2143499
2143500
2143501
2143502
2143503
2143504
2143505
2143506
2143507
2143508
2143509
2143510
2143511
2143512
2143513
2143514
2143515
2143516
2143517
2143518
2143519
2143520
2143521
2143522
2143523
2143524
2143525
2143526
2143527
2143528
2143529
2143530
2143531
2143532
2143533
2143534
2143535
2143536
2143537
2143538
2143539
2143540
2143541
2143542
2143543
2143544
2143545
2143546
2143547
2143548
2143549
2143550
2143551
2143552
2143553
2143554
2143555
2143556
2143557
2143558
2143559
2143560
2143561
2143562
2143563
2143564
2143565
2143566
2143567
2143568
2143569
2143570
2143571
2143572
2143573
2143574
2143575
2143576
2143577
2143578
2143579
2143580
2143581
2143582
2143583
2143584
2143585
2143586
2143587
2143588
2143589
2143590
2143591
2143592
2143593
2143594
2143595
2143596
2143597
2143598
2143599
2143600
2143601
2143602
2143603
2143604
2143605
2143606
2143607
2143608
2143609
2143610
2143611
2143612
2143613
2143614
2143615
2143616
2143617
2143618
2143619
2143620
2143621
2143622
2143623
2143624
2143625
2143626
2143627
2143628
2143629
2143630
2143631
2143632
2143633
2143634
2143635
2143636
2143637
2143638
2143639
2143640
2143641
2143642
2143643
2143644
2143645
2143646
2143647
2143648
2143649
2143650
2143651
2143652
2143653
2143654
2143655
2143656
2143657
2143658
2143659
2143660
2143661
2143662
2143663
2143664
2143665
2143666
2143667
2143668
2143669
2143670
2143671
2143672
2143673
2143674
2143675
2143676
2143677
2143678
2143679
2143680
2143681
2143682
2143683
2143684
2143685
2143686
2143687
2143688
2143689
2143690
2143691
2143692
2143693
2143694
2143695
2143696
2143697
2143698
2143699
2143700
2143701
2143702
2143703
2143704
2143705
2143706
2143707
2143708
2143709
2143710
2143711
2143712
2143713
2143714
2143715
2143716
2143717
2143718
2143719
2143720
2143721
2143722
2143723
2143724
2143725
2143726
2143727
2143728
2143729
2143730
2143731
2143732
2143733
2143734
2143735
2143736
2143737
2143738
2143739
2143740
2143741
2143742
2143743
2143744
2143745
2143746
2143747
2143748
2143749
2143750
2143751
2143752
2143753
2143754
2143755
2143756
2143757
2143758
2143759
2143760
2143761
2143762
2143763
2143764
2143765
2143766
2143767
2143768
2143769
2143770
2143771
2143772
2143773
2143774
2143775
2143776
2143777
2143778
2143779
2143780
2143781
2143782
2143783
2143784
2143785
2143786
2143787
2143788
2143789
2143790
2143791
2143792
2143793
2143794
2143795
2143796
2143797
2143798
2143799
2143800
2143801
2143802
2143803
2143804
2143805
2143806
2143807
2143808
2143809
2143810
2143811
2143812
2143813
2143814
2143815
2143816
2143817
2143818
2143819
2143820
2143821
2143822
2143823
2143824
2143825
2143826
2143827
2143828
2143829
2143830
2143831
2143832
2143833
2143834
2143835
2143836
2143837
2143838
2143839
2143840
2143841
2143842
2143843
2143844
2143845
2143846
2143847
2143848
2143849
2143850
2143851
2143852
2143853
2143854
2143855
2143856
2143857
2143858
2143859
