2154734
2154735
2154736
2154737
2154738
2154739
2154740
2154741
2154742
2154743
2154744
2154745
2154746
2154747
2154748
2154749
2154750
2154751
2154752
2154753
2154754
2154755
2154756
2154757
2154758
2154759
2154760
2154761
2154762
2154763
2154764
2154765
2154766
2154767
2154768
2154769
2154770
2154771
2154772
2154773
2154774
2154775
2154776
2154777
2154778
2154779
2154780
2154781
2154782
2154783
2154784
2154785
2154786
2154787
2154788
2154789
2154790
2154791
2154792
2154793
2154794
2154795
2154796
2154797
2154798
2154799
2154800
2154801
2154802
2154803
2154804
2154805
2154806
2154807
2154808
2154809
2154810
2154811
2154812
2154813
2154814
2154815
2154816
2154817
2154818
2154819
2154820
2154821
2154822
2154823
2154824
2154825
2154826
2154827
2154828
2154829
2154830
2154831
2154832
2154833
2154834
2154835
2154836
2154837
2154838
2154839
2154840
2154841
2154842
2154843
2154844
2154845
2154846
2154847
2154848
2154849
2154850
2154851
2154852
2154853
2154854
2154855
2154856
2154857
2154858
2154859
2154860
2154861
2154862
2154863
2154864
2154865
2154866
2154867
2154868
2154869
2154870
2154871
2154872
2154873
2154874
2154875
2154876
2154877
2154878
2154879
2154880
2154881
2154882
2154883
2154884
2154885
2154886
2154887
2154888
2154889
2154890
2154891
2154892
2154893
2154894
2154895
2154896
2154897
2154898
2154899
2154900
2154901
2154902
2154903
2154904
2154905
2154906
2154907
2154908
2154909
2154910
2154911
2154912
2154913
2154914
2154915
2154916
2154917
2154918
2154919
2154920
2154921
2154922
2154923
2154924
2154925
2154926
2154927
2154928
2154929
2154930
2154931
2154932
2154933
2154934
2154935
2154936
2154937
2154938
2154939
2154940
2154941
2154942
2154943
2154944
2154945
2154946
2154947
2154948
2154949
2154950
2154951
2154952
2154953
2154954
2154955
2154956
2154957
2154958
2154959
2154960
2154961
2154962
2154963
2154964
2154965
2154966
2154967
2154968
2154969
2154970
2154971
2154972
2154973
2154974
2154975
2154976
2154977
2154978
2154979
2154980
2154981
2154982
2154983
2154984
2154985
2154986
2154987
2154988
2154989
2154990
2154991
2154992
2154993
2154994
2154995
2154996
2154997
2154998
2154999
2155000
2155001
2155002
2155003
2155004
2155005
2155006
2155007
2155008
2155009
2155010
2155011
2155012
2155013
2155014
2155015
2155016
2155017
2155018
2155019
2155020
2155021
2155022
2155023
2155024
2155025
2155026
2155027
2155028
2155029
2155030
2155031
2155032
2155033
2155034
2155035
2155036
2155037
2155038
2155039
2155040
2155041
2155042
2155043
2155044
2155045
2155046
2155047
2155048
2155049
2155050
2155051
2155052
2155053
2155054
2155055
2155056
2155057
2155058
2155059
2155060
2155061
2155062
2155063
2155064
2155065
2155066
2155067
2155068
2155069
2155070
2155071
2155072
2155073
2155074
2155075
2155076
2155077
2155078
2155079
2155080
2155081
2155082
2155083
2155084
2155085
2155086
2155087
2155088
2155089
2155090
2155091
2155092
2155093
2155094
2155095
2155096
