2155653
2155654
2155655
2155656
2155657
2155658
2155659
2155660
2155661
2155662
2155663
2155664
2155665
2155666
2155667
2155668
2155669
2155670
2155671
2155672
2155673
2155674
2155675
2155676
2155677
2155678
2155679
2155680
2155681
2155682
2155683
2155684
2155685
2155686
2155687
2155688
2155689
2155690
2155691
2155692
2155693
2155694
2155695
2155696
2155697
2155698
2155699
2155700
2155701
2155702
2155703
2155704
2155705
2155706
2155707
2155708
2155709
2155710
2155711
2155712
2155713
2155714
2155715
2155716
2155717
2155718
2155719
2155720
2155721
2155722
2155723
2155724
2155725
2155726
2155727
2155728
2155729
2155730
2155731
2155732
2155733
2155734
2155735
2155736
2155737
2155738
2155739
2155740
2155741
2155742
2155743
2155744
2155745
2155746
2155747
2155748
2155749
2155750
2155751
2155752
2155753
2155754
2155755
2155756
2155757
2155758
2155759
2155760
2155761
2155762
2155763
2155764
2155765
2155766
2155767
2155768
2155769
2155770
2155771
2155772
2155773
2155774
2155775
2155776
2155777
2155778
2155779
2155780
2155781
2155782
2155783
2155784
2155785
2155786
2155787
2155788
2155789
2155790
2155791
2155792
2155793
2155794
2155795
2155796
2155797
2155798
2155799
2155800
2155801
2155802
2155803
2155804
2155805
2155806
2155807
2155808
2155809
2155810
2155811
2155812
2155813
2155814
2155815
2155816
2155817
2155818
2155819
2155820
2155821
2155822
2155823
2155824
2155825
2155826
2155827
2155828
2155829
2155830
2155831
2155832
2155833
2155834
2155835
2155836
2155837
2155838
2155839
2155840
2155841
2155842
2155843
2155844
2155845
2155846
2155847
2155848
2155849
2155850
2155851
2155852
2155853
2155854
2155855
2155856
2155857
2155858
2155859
2155860
2155861
2155862
2155863
2155864
2155865
2155866
2155867
2155868
2155869
2155870
2155871
2155872
2155873
2155874
2155875
2155876
2155877
2155878
2155879
2155880
2155881
2155882
2155883
2155884
2155885
2155886
2155887
2155888
2155889
2155890
2155891
2155892
2155893
2155894
2155895
2155896
2155897
2155898
2155899
2155900
2155901
2155902
2155903
2155904
2155905
2155906
2155907
2155908
2155909
2155910
2155911
2155912
2155913
2155914
2155915
2155916
2155917
2155918
2155919
2155920
2155921
2155922
2155923
2155924
2155925
2155926
2155927
2155928
2155929
2155930
2155931
2155932
2155933
2155934
2155935
2155936
2155937
2155938
2155939
2155940
2155941
2155942
2155943
2155944
2155945
2155946
2155947
2155948
2155949
2155950
2155951
2155952
2155953
2155954
2155955
2155956
2155957
2155958
2155959
2155960
2155961
2155962
2155963
2155964
2155965
2155966
2155967
2155968
2155969
2155970
2155971
2155972
2155973
2155974
2155975
2155976
2155977
2155978
2155979
2155980
2155981
2155982
2155983
2155984
2155985
2155986
2155987
2155988
2155989
2155990
2155991
2155992
2155993
2155994
2155995
2155996
2155997
2155998
2155999
2156000
2156001
2156002
2156003
2156004
2156005
2156006
2156007
2156008
2156009
2156010
2156011
2156012
2156013
2156014
2156015
2156016
2156017
2156018
2156019
2156020
2156021
2156022
2156023
2156024
2156025
2156026
2156027
2156028
2156029
2156030
2156031
2156032
2156033
2156034
2156035
2156036
2156037
2156038
2156039
2156040
2156041
2156042
2156043
2156044
2156045
2156046
2156047
2156048
2156049
2156050
2156051
2156052
2156053
2156054
2156055
2156056
2156057
2156058
2156059
2156060
2156061
2156062
2156063
2156064
2156065
2156066
2156067
2156068
2156069
2156070
2156071
2156072
2156073
2156074
2156075
2156076
2156077
2156078
2156079
2156080
2156081
2156082
2156083
2156084
2156085
2156086
2156087
2156088
2156089
2156090
2156091
2156092
2156093
2156094
2156095
2156096
2156097
2156098
2156099
2156100
2156101
2156102
2156103
2156104
2156105
