2145078
2145079
2145080
2145081
2145082
2145083
2145084
2145085
2145086
2145087
2145088
2145089
2145090
2145091
2145092
2145093
2145094
2145095
2145096
2145097
2145098
2145099
2145100
2145101
2145102
2145103
2145104
2145105
2145106
2145107
2145108
2145109
2145110
2145111
2145112
2145113
2145114
2145115
2145116
2145117
2145118
2145119
2145120
2145121
2145122
2145123
2145124
2145125
2145126
2145127
2145128
2145129
2145130
2145131
2145132
2145133
2145134
2145135
2145136
2145137
2145138
2145139
2145140
2145141
2145142
2145143
2145144
2145145
2145146
2145147
2145148
2145149
2145150
2145151
2145152
2145153
2145154
2145155
2145156
2145157
2145158
2145159
2145160
2145161
2145162
2145163
2145164
2145165
2145166
2145167
2145168
2145169
2145170
2145171
2145172
2145173
2145174
2145175
2145176
2145177
2145178
2145179
2145180
2145181
2145182
2145183
2145184
2145185
2145186
2145187
2145188
2145189
2145190
2145191
2145192
2145193
2145194
2145195
2145196
2145197
2145198
2145199
2145200
2145201
2145202
2145203
2145204
2145205
2145206
2145207
2145208
2145209
2145210
2145211
2145212
2145213
2145214
2145215
2145216
2145217
2145218
2145219
2145220
2145221
2145222
2145223
2145224
2145225
2145226
2145227
2145228
2145229
2145230
2145231
2145232
2145233
2145234
2145235
2145236
2145237
2145238
2145239
2145240
2145241
2145242
2145243
2145244
2145245
2145246
2145247
2145248
2145249
2145250
2145251
2145252
2145253
2145254
2145255
2145256
2145257
2145258
2145259
2145260
2145261
2145262
2145263
2145264
2145265
2145266
2145267
2145268
2145269
2145270
2145271
2145272
2145273
2145274
2145275
2145276
2145277
2145278
2145279
2145280
2145281
2145282
2145283
2145284
2145285
2145286
2145287
2145288
2145289
2145290
2145291
2145292
2145293
2145294
2145295
2145296
2145297
2145298
2145299
2145300
2145301
2145302
2145303
2145304
2145305
2145306
2145307
2145308
2145309
2145310
2145311
2145312
2145313
2145314
2145315
2145316
2145317
2145318
2145319
2145320
2145321
2145322
2145323
2145324
2145325
2145326
2145327
2145328
2145329
2145330
2145331
2145332
2145333
2145334
2145335
2145336
2145337
2145338
2145339
2145340
2145341
2145342
2145343
2145344
2145345
2145346
2145347
2145348
2145349
2145350
2145351
2145352
2145353
2145354
2145355
2145356
2145357
2145358
2145359
2145360
2145361
2145362
2145363
2145364
2145365
2145366
2145367
2145368
2145369
2145370
2145371
2145372
2145373
2145374
2145375
2145376
2145377
2145378
2145379
2145380
2145381
2145382
2145383
2145384
2145385
2145386
2145387
2145388
2145389
2145390
2145391
2145392
2145393
2145394
2145395
2145396
2145397
2145398
2145399
2145400
2145401
2145402
2145403
2145404
2145405
2145406
2145407
2145408
2145409
2145410
2145411
2145412
2145413
2145414
2145415
2145416
2145417
2145418
2145419
2145420
2145421
2145422
2145423
2145424
2145425
2145426
2145427
2145428
2145429
2145430
2145431
2145432
2145433
2145434
2145435
2145436
2145437
2145438
2145439
2145440
2145441
2145442
2145443
2145444
2145445
2145446
2145447
2145448
2145449
2145450
2145451
2145452
2145453
2145454
2145455
2145456
2145457
2145458
2145459
2145460
2145461
2145462
2145463
2145464
2145465
2145466
2145467
2145468
2145469
2145470
2145471
2145472
2145473
2145474
2145475
2145476
2145477
2145478
2145479
2145480
2145481
2145482
2145483
2145484
2145485
2145486
2145487
2145488
2145489
2145490
2145491
2145492
2145493
2145494
2145495
2145496
2145497
2145498
2145499
2145500
2145501
2145502
2145503
2145504
2145505
2145506
2145507
2145508
2145509
2145510
2145511
2145512
2145513
2145514
2145515
2145516
2145517
2145518
2145519
2145520
2145521
2145522
2145523
2145524
2145525
2145526
2145527
2145528
2145529
2145530
2145531
2145532
2145533
2145534
2145535
2145536
2145537
2145538
2145539
2145540
