2157141
2157142
2157143
2157144
2157145
2157146
2157147
2157148
2157149
2157150
2157151
2157152
2157153
2157154
2157155
2157156
2157157
2157158
2157159
2157160
2157161
2157162
2157163
2157164
2157165
2157166
2157167
2157168
2157169
2157170
2157171
2157172
2157173
2157174
2157175
2157176
2157177
2157178
2157179
2157180
2157181
2157182
2157183
2157184
2157185
2157186
2157187
2157188
2157189
2157190
2157191
2157192
2157193
2157194
2157195
2157196
2157197
2157198
2157199
2157200
2157201
2157202
2157203
2157204
2157205
2157206
2157207
2157208
2157209
2157210
2157211
2157212
2157213
2157214
2157215
2157216
2157217
2157218
2157219
2157220
2157221
2157222
2157223
2157224
2157225
2157226
2157227
2157228
2157229
2157230
2157231
2157232
2157233
2157234
2157235
2157236
2157237
2157238
2157239
2157240
2157241
2157242
2157243
2157244
2157245
2157246
2157247
2157248
2157249
2157250
2157251
2157252
2157253
2157254
2157255
2157256
2157257
2157258
2157259
2157260
2157261
2157262
2157263
2157264
2157265
2157266
2157267
2157268
2157269
2157270
2157271
2157272
2157273
2157274
2157275
2157276
2157277
2157278
2157279
2157280
2157281
2157282
2157283
2157284
2157285
2157286
2157287
2157288
2157289
2157290
2157291
2157292
2157293
2157294
2157295
2157296
2157297
2157298
2157299
2157300
2157301
2157302
2157303
2157304
2157305
2157306
2157307
2157308
2157309
2157310
2157311
2157312
2157313
2157314
2157315
2157316
2157317
2157318
2157319
2157320
2157321
2157322
2157323
2157324
2157325
2157326
2157327
2157328
2157329
2157330
2157331
2157332
2157333
2157334
2157335
2157336
2157337
2157338
2157339
2157340
2157341
2157342
2157343
2157344
2157345
2157346
2157347
2157348
2157349
2157350
2157351
2157352
2157353
2157354
2157355
2157356
2157357
2157358
2157359
2157360
2157361
2157362
2157363
2157364
2157365
2157366
2157367
2157368
2157369
2157370
2157371
2157372
2157373
2157374
2157375
2157376
2157377
2157378
2157379
2157380
2157381
2157382
2157383
2157384
2157385
2157386
2157387
2157388
2157389
2157390
2157391
2157392
2157393
2157394
2157395
2157396
2157397
2157398
2157399
2157400
2157401
2157402
2157403
2157404
2157405
2157406
2157407
2157408
2157409
2157410
2157411
2157412
2157413
2157414
2157415
2157416
2157417
2157418
2157419
2157420
2157421
2157422
2157423
2157424
2157425
2157426
2157427
2157428
2157429
2157430
2157431
2157432
2157433
2157434
2157435
2157436
2157437
2157438
2157439
2157440
2157441
2157442
2157443
2157444
2157445
2157446
2157447
2157448
2157449
2157450
2157451
2157452
2157453
2157454
2157455
2157456
2157457
2157458
2157459
2157460
2157461
2157462
2157463
2157464
2157465
2157466
2157467
2157468
2157469
2157470
2157471
2157472
2157473
2157474
2157475
2157476
2157477
2157478
2157479
2157480
2157481
2157482
2157483
2157484
2157485
2157486
2157487
2157488
2157489
2157490
2157491
2157492
2157493
2157494
2157495
2157496
2157497
2157498
2157499
2157500
2157501
2157502
2157503
2157504
2157505
2157506
2157507
2157508
2157509
2157510
2157511
2157512
2157513
2157514
2157515
2157516
2157517
2157518
2157519
2157520
2157521
2157522
2157523
2157524
2157525
2157526
2157527
2157528
2157529
2157530
2157531
2157532
2157533
2157534
2157535
2157536
2157537
2157538
2157539
2157540
2157541
2157542
2157543
2157544
2157545
2157546
2157547
2157548
2157549
2157550
2157551
2157552
2157553
2157554
2157555
2157556
2157557
2157558
2157559
2157560
2157561
2157562
2157563
2157564
2157565
2157566
2157567
2157568
2157569
2157570
2157571
2157572
2157573
2157574
2157575
2157576
2157577
2157578
2157579
2157580
2157581
2157582
2157583
2157584
2157585
2157586
2157587
2157588
2157589
2157590
2157591
2157592
2157593
2157594
2157595
2157596
2157597
2157598
2157599
2157600
2157601
2157602
2157603
2157604
2157605
2157606
2157607
2157608
2157609
2157610
2157611
2157612
2157613
2157614
2157615
2157616
2157617
2157618
2157619
2157620
2157621
2157622
2157623
2157624
2157625
2157626
2157627
2157628
2157629
2157630
2157631
2157632
2157633
2157634
2157635
2157636
2157637
2157638
2157639
2157640
2157641
2157642
2157643
2157644
2157645
2157646
2157647
2157648
2157649
2157650
2157651
2157652
2157653
2157654
2157655
2157656
2157657
2157658
2157659
2157660
2157661
2157662
2157663
2157664
2157665
2157666
2157667
2157668
2157669
2157670
2157671
2157672
2157673
2157674
2157675
2157676
2157677
2157678
2157679
2157680
2157681
2157682
2157683
2157684
2157685
2157686
2157687
2157688
2157689
2157690
2157691
2157692
2157693
2157694
2157695
2157696
2157697
2157698
2157699
2157700
2157701
2157702
2157703
2157704
2157705
2157706
2157707
2157708
2157709
2157710
2157711
2157712
2157713
2157714
2157715
2157716
2157717
2157718
2157719
2157720
2157721
2157722
2157723
2157724
2157725
2157726
2157727
2157728
2157729
