2156496
2156497
2156498
2156499
2156500
2156501
2156502
2156503
2156504
2156505
2156506
2156507
2156508
2156509
2156510
2156511
2156512
2156513
2156514
2156515
2156516
2156517
2156518
2156519
2156520
2156521
2156522
2156523
2156524
2156525
2156526
2156527
2156528
2156529
2156530
2156531
2156532
2156533
2156534
2156535
2156536
2156537
2156538
2156539
2156540
2156541
2156542
2156543
2156544
2156545
2156546
2156547
2156548
2156549
2156550
2156551
2156552
2156553
2156554
2156555
2156556
2156557
2156558
2156559
2156560
2156561
2156562
2156563
2156564
2156565
2156566
2156567
2156568
2156569
2156570
2156571
2156572
2156573
2156574
2156575
2156576
2156577
2156578
2156579
2156580
2156581
2156582
2156583
2156584
2156585
2156586
2156587
2156588
2156589
2156590
2156591
2156592
2156593
2156594
2156595
2156596
2156597
2156598
2156599
2156600
2156601
2156602
2156603
2156604
2156605
2156606
2156607
2156608
2156609
2156610
2156611
2156612
2156613
2156614
2156615
2156616
2156617
2156618
2156619
2156620
2156621
2156622
2156623
2156624
2156625
2156626
2156627
2156628
2156629
2156630
2156631
2156632
2156633
2156634
2156635
2156636
2156637
2156638
2156639
2156640
2156641
2156642
2156643
2156644
2156645
2156646
2156647
2156648
2156649
2156650
2156651
2156652
2156653
2156654
2156655
2156656
2156657
2156658
2156659
2156660
2156661
2156662
2156663
2156664
2156665
2156666
2156667
2156668
2156669
2156670
2156671
2156672
2156673
2156674
2156675
2156676
2156677
2156678
2156679
2156680
2156681
2156682
2156683
2156684
2156685
2156686
2156687
2156688
2156689
2156690
2156691
2156692
2156693
2156694
2156695
2156696
2156697
2156698
2156699
2156700
2156701
2156702
2156703
2156704
2156705
2156706
2156707
2156708
2156709
2156710
2156711
2156712
2156713
2156714
2156715
2156716
2156717
2156718
2156719
2156720
2156721
2156722
2156723
2156724
2156725
2156726
2156727
2156728
2156729
2156730
2156731
2156732
2156733
2156734
2156735
2156736
2156737
2156738
2156739
2156740
2156741
2156742
2156743
2156744
2156745
2156746
2156747
2156748
2156749
2156750
2156751
2156752
2156753
2156754
2156755
2156756
2156757
2156758
2156759
2156760
2156761
2156762
2156763
2156764
2156765
2156766
2156767
2156768
2156769
2156770
2156771
2156772
2156773
2156774
2156775
2156776
2156777
2156778
2156779
2156780
2156781
2156782
2156783
2156784
2156785
2156786
2156787
2156788
2156789
2156790
2156791
2156792
2156793
2156794
2156795
2156796
2156797
2156798
2156799
2156800
2156801
2156802
2156803
2156804
2156805
2156806
2156807
2156808
2156809
2156810
2156811
2156812
2156813
2156814
2156815
2156816
2156817
2156818
2156819
2156820
2156821
2156822
2156823
2156824
2156825
2156826
2156827
2156828
2156829
2156830
2156831
2156832
2156833
2156834
2156835
2156836
2156837
2156838
2156839
2156840
2156841
2156842
2156843
2156844
2156845
2156846
2156847
2156848
2156849
2156850
2156851
2156852
2156853
2156854
2156855
2156856
2156857
2156858
2156859
2156860
2156861
2156862
2156863
2156864
2156865
2156866
2156867
2156868
2156869
2156870
2156871
2156872
2156873
2156874
2156875
2156876
2156877
2156878
2156879
2156880
2156881
2156882
2156883
2156884
2156885
2156886
2156887
2156888
2156889
2156890
2156891
2156892
2156893
2156894
2156895
2156896
2156897
2156898
2156899
2156900
2156901
2156902
2156903
2156904
2156905
2156906
2156907
2156908
2156909
2156910
2156911
2156912
2156913
2156914
2156915
2156916
2156917
2156918
2156919
2156920
2156921
2156922
2156923
2156924
2156925
2156926
2156927
2156928
2156929
2156930
2156931
2156932
2156933
2156934
2156935
2156936
2156937
2156938
2156939
2156940
2156941
2156942
2156943
2156944
2156945
2156946
2156947
2156948
2156949
2156950
2156951
2156952
2156953
2156954
2156955
2156956
2156957
2156958
2156959
2156960
2156961
2156962
2156963
2156964
2156965
2156966
2156967
2156968
2156969
2156970
2156971
2156972
2156973
2156974
2156975
2156976
2156977
2156978
2156979
2156980
2156981
2156982
2156983
2156984
2156985
2156986
2156987
2156988
2156989
2156990
2156991
2156992
2156993
2156994
2156995
2156996
2156997
2156998
2156999
2157000
2157001
2157002
2157003
2157004
2157005
2157006
2157007
2157008
2157009
2157010
2157011
2157012
2157013
2157014
2157015
2157016
2157017
2157018
2157019
2157020
2157021
2157022
2157023
2157024
2157025
2157026
2157027
2157028
2157029
2157030
2157031
2157032
2157033
2157034
2157035
2157036
2157037
2157038
2157039
2157040
2157041
2157042
2157043
2157044
2157045
2157046
2157047
2157048
2157049
2157050
2157051
2157052
2157053
2157054
2157055
2157056
2157057
2157058
2157059
2157060
2157061
2157062
2157063
2157064
2157065
2157066
2157067
2157068
2157069
2157070
2157071
2157072
2157073
2157074
2157075
2157076
2157077
2157078
2157079
2157080
2157081
2157082
2157083
2157084
2157085
2157086
2157087
2157088
2157089
2157090
2157091
2157092
2157093
2157094
2157095
2157096
2157097
2157098
2157099
2157100
2157101
2157102
2157103
2157104
2157105
2157106
2157107
2157108
2157109
2157110
2157111
2157112
2157113
2157114
2157115
2157116
2157117
2157118
2157119
2157120
2157121
2157122
2157123
2157124
2157125
2157126
2157127
2157128
2157129
2157130
2157131
2157132
2157133
2157134
2157135
2157136
2157137
2157138
2157139
2157140
