2158198
2158199
2158200
2158201
2158202
2158203
2158204
2158205
2158206
2158207
2158208
2158209
2158210
2158211
2158212
2158213
2158214
2158215
2158216
2158217
2158218
2158219
2158220
2158221
2158222
2158223
2158224
2158225
2158226
2158227
2158228
2158229
2158230
2158231
2158232
2158233
2158234
2158235
2158236
2158237
2158238
2158239
2158240
2158241
2158242
2158243
2158244
2158245
2158246
2158247
2158248
2158249
2158250
2158251
2158252
2158253
2158254
2158255
2158256
2158257
2158258
2158259
2158260
2158261
2158262
2158263
2158264
2158265
2158266
2158267
2158268
2158269
2158270
2158271
2158272
2158273
2158274
2158275
2158276
2158277
2158278
2158279
2158280
2158281
2158282
2158283
2158284
2158285
2158286
2158287
2158288
2158289
2158290
2158291
2158292
2158293
2158294
2158295
2158296
2158297
2158298
2158299
2158300
2158301
2158302
2158303
2158304
2158305
2158306
2158307
2158308
2158309
2158310
2158311
2158312
2158313
2158314
2158315
2158316
2158317
2158318
2158319
2158320
2158321
2158322
2158323
2158324
2158325
2158326
2158327
2158328
2158329
2158330
2158331
2158332
2158333
2158334
2158335
2158336
2158337
2158338
2158339
2158340
2158341
2158342
2158343
2158344
2158345
2158346
2158347
2158348
2158349
2158350
2158351
2158352
2158353
2158354
2158355
2158356
2158357
2158358
2158359
2158360
2158361
2158362
2158363
2158364
2158365
2158366
2158367
2158368
2158369
2158370
2158371
2158372
2158373
2158374
2158375
2158376
2158377
2158378
2158379
2158380
2158381
2158382
2158383
2158384
2158385
2158386
2158387
2158388
2158389
2158390
2158391
2158392
2158393
2158394
2158395
2158396
2158397
2158398
2158399
2158400
2158401
2158402
2158403
2158404
2158405
2158406
2158407
2158408
2158409
2158410
2158411
2158412
2158413
2158414
2158415
2158416
2158417
2158418
2158419
2158420
2158421
2158422
2158423
2158424
2158425
2158426
2158427
2158428
2158429
2158430
2158431
2158432
2158433
2158434
2158435
2158436
2158437
2158438
2158439
2158440
2158441
2158442
2158443
2158444
2158445
2158446
2158447
2158448
2158449
2158450
2158451
2158452
2158453
2158454
2158455
2158456
2158457
2158458
2158459
2158460
2158461
2158462
2158463
2158464
2158465
2158466
2158467
2158468
2158469
2158470
2158471
2158472
2158473
2158474
2158475
2158476
2158477
2158478
2158479
2158480
2158481
2158482
2158483
2158484
2158485
2158486
2158487
2158488
2158489
2158490
2158491
2158492
2158493
2158494
2158495
2158496
2158497
2158498
2158499
2158500
2158501
2158502
2158503
2158504
2158505
2158506
2158507
2158508
2158509
2158510
2158511
2158512
2158513
2158514
2158515
2158516
2158517
2158518
2158519
2158520
2158521
2158522
