2138834
2138835
2138836
2138837
2138838
2138839
2138840
2138841
2138842
2138843
2138844
2138845
2138846
2138847
2138848
2138849
2138850
2138851
2138852
2138853
2138854
2138855
2138856
2138857
2138858
2138859
2138860
2138861
2138862
2138863
2138864
2138865
2138866
2138867
2138868
2138869
2138870
2138871
2138872
2138873
2138874
2138875
2138876
2138877
2138878
2138879
2138880
2138881
2138882
2138883
2138884
2138885
2138886
2138887
2138888
2138889
2138890
2138891
2138892
2138893
2138894
2138895
2138896
2138897
2138898
2138899
2138900
2138901
2138902
2138903
2138904
2138905
2138906
2138907
2138908
2138909
2138910
2138911
2138912
2138913
2138914
2138915
2138916
2138917
2138918
2138919
2138920
2138921
2138922
2138923
2138924
2138925
2138926
2138927
2138928
2138929
2138930
2138931
2138932
2138933
2138934
2138935
2138936
2138937
2138938
2138939
2138940
2138941
2138942
2138943
2138944
2138945
2138946
2138947
2138948
2138949
2138950
2138951
2138952
2138953
2138954
2138955
2138956
2138957
2138958
2138959
2138960
2138961
2138962
2138963
2138964
2138965
2138966
2138967
2138968
2138969
2138970
2138971
2138972
2138973
2138974
2138975
2138976
2138977
2138978
2138979
2138980
2138981
2138982
2138983
2138984
2138985
2138986
2138987
2138988
2138989
2138990
2138991
2138992
2138993
2138994
2138995
2138996
2138997
2138998
2138999
2139000
2139001
2139002
2139003
2139004
2139005
2139006
2139007
2139008
2139009
2139010
2139011
2139012
2139013
2139014
2139015
2139016
2139017
2139018
2139019
2139020
2139021
2139022
2139023
2139024
2139025
2139026
2139027
2139028
2139029
2139030
2139031
2139032
2139033
2139034
2139035
2139036
2139037
2139038
2139039
2139040
2139041
2139042
2139043
2139044
2139045
2139046
2139047
2139048
2139049
2139050
2139051
2139052
2139053
2139054
2139055
2139056
2139057
2139058
2139059
2139060
2139061
2139062
2139063
2139064
2139065
2139066
2139067
2139068
2139069
2139070
2139071
2139072
2139073
2139074
2139075
2139076
2139077
2139078
2139079
2139080
2139081
2139082
2139083
2139084
2139085
2139086
2139087
2139088
2139089
2139090
2139091
2139092
2139093
2139094
2139095
2139096
2139097
2139098
2139099
2139100
2139101
2139102
2139103
2139104
2139105
2139106
2139107
2139108
2139109
2139110
2139111
2139112
2139113
2139114
2139115
2139116
2139117
2139118
2139119
2139120
2139121
2139122
2139123
2139124
2139125
2139126
2139127
2139128
2139129
2139130
2139131
2139132
2139133
2139134
2139135
2139136
2139137
2139138
2139139
2139140
2139141
2139142
2139143
2139144
2139145
2139146
2139147
2139148
2139149
2139150
2139151
2139152
2139153
2139154
2139155
2139156
2139157
2139158
2139159
2139160
2139161
2139162
2139163
2139164
2139165
2139166
2139167
2139168
2139169
2139170
2139171
2139172
2139173
2139174
2139175
2139176
2139177
2139178
2139179
2139180
2139181
2139182
2139183
2139184
2139185
2139186
2139187
2139188
