2146987
2146988
2146989
2146990
2146991
2146992
2146993
2146994
2146995
2146996
2146997
2146998
2146999
2147000
2147001
2147002
2147003
2147004
2147005
2147006
2147007
2147008
2147009
2147010
2147011
2147012
2147013
2147014
2147015
2147016
2147017
2147018
2147019
2147020
2147021
2147022
2147023
2147024
2147025
2147026
2147027
2147028
2147029
2147030
2147031
2147032
2147033
2147034
2147035
2147036
2147037
2147038
2147039
2147040
2147041
2147042
2147043
2147044
2147045
2147046
2147047
2147048
2147049
2147050
2147051
2147052
2147053
2147054
2147055
2147056
2147057
2147058
2147059
2147060
2147061
2147062
2147063
2147064
2147065
2147066
2147067
2147068
2147069
2147070
2147071
2147072
2147073
2147074
2147075
2147076
2147077
2147078
2147079
2147080
2147081
2147082
2147083
2147084
2147085
2147086
2147087
2147088
2147089
2147090
2147091
2147092
2147093
2147094
2147095
2147096
2147097
2147098
2147099
2147100
2147101
2147102
2147103
2147104
2147105
2147106
2147107
2147108
2147109
2147110
2147111
2147112
2147113
2147114
2147115
2147116
2147117
2147118
2147119
2147120
2147121
2147122
2147123
2147124
2147125
2147126
2147127
2147128
2147129
2147130
2147131
2147132
2147133
2147134
2147135
2147136
2147137
2147138
2147139
2147140
2147141
2147142
2147143
2147144
2147145
2147146
2147147
2147148
2147149
2147150
2147151
2147152
2147153
2147154
2147155
2147156
2147157
2147158
2147159
2147160
2147161
2147162
2147163
2147164
2147165
2147166
2147167
2147168
2147169
2147170
2147171
2147172
2147173
2147174
2147175
2147176
2147177
2147178
2147179
2147180
2147181
2147182
2147183
2147184
2147185
2147186
2147187
2147188
2147189
2147190
2147191
2147192
2147193
2147194
2147195
2147196
2147197
2147198
2147199
2147200
2147201
2147202
2147203
2147204
2147205
2147206
2147207
2147208
2147209
2147210
2147211
2147212
2147213
2147214
2147215
2147216
2147217
2147218
2147219
2147220
2147221
2147222
2147223
2147224
2147225
2147226
2147227
2147228
2147229
2147230
2147231
2147232
2147233
2147234
2147235
2147236
2147237
2147238
2147239
2147240
2147241
2147242
2147243
2147244
2147245
2147246
2147247
2147248
2147249
2147250
2147251
2147252
2147253
2147254
2147255
2147256
2147257
2147258
2147259
2147260
2147261
2147262
2147263
2147264
2147265
2147266
2147267
2147268
2147269
2147270
2147271
2147272
2147273
2147274
2147275
2147276
2147277
2147278
2147279
2147280
2147281
2147282
2147283
2147284
2147285
2147286
2147287
2147288
2147289
2147290
2147291
2147292
2147293
2147294
2147295
2147296
2147297
2147298
2147299
2147300
2147301
2147302
2147303
2147304
2147305
2147306
2147307
2147308
2147309
2147310
2147311
2147312
2147313
2147314
2147315
2147316
2147317
2147318
2147319
2147320
2147321
2147322
2147323
2147324
2147325
2147326
2147327
2147328
2147329
2147330
2147331
2147332
2147333
2147334
2147335
2147336
2147337
2147338
2147339
2147340
2147341
2147342
2147343
2147344
2147345
2147346
2147347
2147348
2147349
2147350
2147351
2147352
2147353
2147354
2147355
2147356
2147357
2147358
2147359
2147360
2147361
2147362
2147363
2147364
2147365
2147366
2147367
2147368
2147369
2147370
2147371
2147372
2147373
2147374
2147375
2147376
2147377
2147378
2147379
2147380
2147381
2147382
2147383
2147384
2147385
2147386
2147387
2147388
2147389
2147390
2147391
2147392
2147393
2147394
2147395
2147396
2147397
2147398
2147399
2147400
2147401
2147402
2147403
2147404
2147405
2147406
2147407
2147408
2147409
2147410
2147411
2147412
2147413
2147414
2147415
2147416
2147417
2147418
2147419
2147420
2147421
2147422
2147423
2147424
2147425
2147426
2147427
2147428
2147429
2147430
2147431
2147432
2147433
2147434
2147435
2147436
2147437
2147438
2147439
2147440
2147441
2147442
2147443
2147444
2147445
2147446
2147447
2147448
2147449
2147450
2147451
2147452
2147453
2147454
2147455
2147456
2147457
2147458
2147459
2147460
