2137588
2137589
2137590
2137591
2137592
2137593
2137594
2137595
2137596
2137597
2137598
2137599
2137600
2137601
2137602
2137603
2137604
2137605
2137606
2137607
2137608
2137609
2137610
2137611
2137612
2137613
2137614
2137615
2137616
2137617
2137618
2137619
2137620
2137621
2137622
2137623
2137624
2137625
2137626
2137627
2137628
2137629
2137630
2137631
2137632
2137633
2137634
2137635
2137636
2137637
2137638
2137639
2137640
2137641
2137642
2137643
2137644
2137645
2137646
2137647
2137648
2137649
2137650
2137651
2137652
2137653
2137654
2137655
2137656
2137657
2137658
2137659
2137660
2137661
2137662
2137663
2137664
2137665
2137666
2137667
2137668
2137669
2137670
2137671
2137672
2137673
2137674
2137675
2137676
2137677
2137678
2137679
2137680
2137681
2137682
2137683
2137684
2137685
2137686
2137687
2137688
2137689
2137690
2137691
2137692
2137693
2137694
2137695
2137696
2137697
2137698
2137699
2137700
2137701
2137702
2137703
2137704
2137705
2137706
2137707
2137708
2137709
2137710
2137711
2137712
2137713
2137714
2137715
2137716
2137717
2137718
2137719
2137720
2137721
2137722
2137723
2137724
2137725
2137726
2137727
2137728
2137729
2137730
2137731
2137732
2137733
2137734
2137735
2137736
2137737
2137738
2137739
2137740
2137741
2137742
2137743
2137744
2137745
2137746
2137747
2137748
2137749
2137750
2137751
2137752
2137753
2137754
2137755
2137756
2137757
2137758
2137759
2137760
2137761
2137762
2137763
2137764
2137765
2137766
2137767
2137768
2137769
2137770
2137771
2137772
2137773
2137774
2137775
2137776
2137777
2137778
2137779
2137780
2137781
2137782
2137783
2137784
2137785
2137786
2137787
2137788
2137789
2137790
2137791
2137792
2137793
2137794
2137795
2137796
2137797
2137798
2137799
2137800
2137801
2137802
2137803
2137804
2137805
2137806
2137807
2137808
2137809
2137810
2137811
2137812
2137813
2137814
2137815
2137816
2137817
2137818
2137819
2137820
2137821
2137822
2137823
2137824
2137825
2137826
2137827
2137828
2137829
2137830
2137831
2137832
2137833
2137834
2137835
2137836
2137837
2137838
2137839
2137840
2137841
2137842
2137843
2137844
2137845
2137846
2137847
2137848
2137849
2137850
2137851
2137852
2137853
2137854
2137855
2137856
2137857
2137858
2137859
2137860
2137861
2137862
2137863
2137864
2137865
2137866
2137867
2137868
2137869
2137870
2137871
2137872
2137873
2137874
2137875
2137876
2137877
2137878
2137879
2137880
2137881
2137882
2137883
2137884
2137885
2137886
2137887
2137888
2137889
2137890
2137891
2137892
2137893
2137894
2137895
2137896
2137897
2137898
2137899
2137900
2137901
2137902
2137903
2137904
2137905
2137906
2137907
2137908
2137909
2137910
2137911
2137912
2137913
2137914
2137915
2137916
2137917
2137918
2137919
2137920
2137921
2137922
2137923
2137924
2137925
2137926
2137927
2137928
2137929
2137930
2137931
2137932
2137933
2137934
2137935
2137936
2137937
2137938
2137939
2137940
2137941
2137942
2137943
2137944
2137945
2137946
2137947
2137948
2137949
2137950
2137951
2137952
2137953
2137954
2137955
2137956
2137957
2137958
2137959
2137960
2137961
2137962
2137963
2137964
2137965
2137966
2137967
2137968
2137969
2137970
2137971
2137972
2137973
2137974
2137975
2137976
2137977
2137978
2137979
2137980
2137981
2137982
2137983
2137984
2137985
2137986
2137987
2137988
2137989
2137990
2137991
2137992
2137993
2137994
2137995
2137996
2137997
2137998
2137999
2138000
2138001
2138002
2138003
2138004
2138005
2138006
2138007
2138008
2138009
2138010
2138011
2138012
2138013
2138014
2138015
2138016
2138017
2138018
2138019
2138020
2138021
2138022
2138023
2138024
2138025
2138026
2138027
2138028
2138029
2138030
2138031
2138032
2138033
2138034
2138035
2138036
2138037
2138038
2138039
2138040
2138041
2138042
2138043
2138044
2138045
2138046
2138047
2138048
2138049
2138050
2138051
2138052
2138053
2138054
2138055
