2137005
2137006
2137007
2137008
2137009
2137010
2137011
2137012
2137013
2137014
2137015
2137016
2137017
2137018
2137019
2137020
2137021
2137022
2137023
2137024
2137025
2137026
2137027
2137028
2137029
2137030
2137031
2137032
2137033
2137034
2137035
2137036
2137037
2137038
2137039
2137040
2137041
2137042
2137043
2137044
2137045
2137046
2137047
2137048
2137049
2137050
2137051
2137052
2137053
2137054
2137055
2137056
2137057
2137058
2137059
2137060
2137061
2137062
2137063
2137064
2137065
2137066
2137067
2137068
2137069
2137070
2137071
2137072
2137073
2137074
2137075
2137076
2137077
2137078
2137079
2137080
2137081
2137082
2137083
2137084
2137085
2137086
2137087
2137088
2137089
2137090
2137091
2137092
2137093
2137094
2137095
2137096
2137097
2137098
2137099
2137100
2137101
2137102
2137103
2137104
2137105
2137106
2137107
2137108
2137109
2137110
2137111
2137112
2137113
2137114
2137115
2137116
2137117
2137118
2137119
2137120
2137121
2137122
2137123
2137124
2137125
2137126
2137127
2137128
2137129
2137130
2137131
2137132
2137133
2137134
2137135
2137136
2137137
2137138
2137139
2137140
2137141
2137142
2137143
2137144
2137145
2137146
2137147
2137148
2137149
2137150
2137151
2137152
2137153
2137154
2137155
2137156
2137157
2137158
2137159
2137160
2137161
2137162
2137163
2137164
2137165
2137166
2137167
2137168
2137169
2137170
2137171
2137172
2137173
2137174
2137175
2137176
2137177
2137178
2137179
2137180
2137181
2137182
2137183
2137184
2137185
2137186
2137187
2137188
2137189
2137190
2137191
2137192
2137193
2137194
2137195
2137196
2137197
2137198
2137199
2137200
2137201
2137202
2137203
2137204
2137205
2137206
2137207
2137208
2137209
2137210
2137211
2137212
2137213
2137214
2137215
2137216
2137217
2137218
2137219
2137220
2137221
2137222
2137223
2137224
2137225
2137226
2137227
2137228
2137229
2137230
2137231
2137232
2137233
2137234
2137235
2137236
2137237
2137238
2137239
2137240
2137241
2137242
2137243
2137244
2137245
2137246
2137247
2137248
2137249
2137250
2137251
2137252
2137253
2137254
2137255
2137256
2137257
2137258
2137259
2137260
2137261
2137262
2137263
2137264
2137265
2137266
2137267
2137268
2137269
2137270
2137271
2137272
2137273
2137274
2137275
2137276
2137277
2137278
2137279
2137280
2137281
2137282
2137283
2137284
2137285
2137286
2137287
2137288
2137289
2137290
2137291
2137292
2137293
2137294
2137295
2137296
2137297
2137298
2137299
2137300
2137301
2137302
2137303
2137304
2137305
2137306
2137307
2137308
2137309
2137310
2137311
2137312
2137313
2137314
2137315
2137316
2137317
2137318
2137319
2137320
2137321
2137322
2137323
2137324
2137325
2137326
2137327
2137328
2137329
2137330
2137331
2137332
2137333
2137334
2137335
2137336
2137337
2137338
2137339
2137340
2137341
2137342
2137343
2137344
2137345
2137346
2137347
2137348
2137349
2137350
2137351
2137352
2137353
2137354
2137355
2137356
2137357
2137358
2137359
2137360
2137361
2137362
2137363
2137364
2137365
2137366
2137367
2137368
2137369
2137370
2137371
2137372
2137373
2137374
2137375
2137376
2137377
2137378
2137379
2137380
2137381
2137382
2137383
2137384
2137385
2137386
2137387
2137388
2137389
2137390
2137391
2137392
2137393
2137394
2137395
2137396
2137397
2137398
2137399
2137400
2137401
2137402
2137403
2137404
2137405
2137406
2137407
2137408
2137409
2137410
2137411
2137412
2137413
2137414
2137415
2137416
2137417
2137418
2137419
2137420
2137421
2137422
2137423
2137424
2137425
2137426
2137427
2137428
2137429
2137430
2137431
2137432
2137433
2137434
2137435
2137436
2137437
2137438
2137439
2137440
2137441
2137442
2137443
2137444
2137445
2137446
2137447
2137448
2137449
2137450
2137451
2137452
2137453
2137454
2137455
2137456
2137457
2137458
2137459
2137460
2137461
2137462
2137463
2137464
2137465
2137466
2137467
2137468
2137469
2137470
2137471
2137472
2137473
2137474
2137475
2137476
2137477
2137478
2137479
2137480
2137481
2137482
2137483
2137484
2137485
2137486
2137487
2137488
2137489
2137490
2137491
2137492
2137493
2137494
2137495
2137496
2137497
2137498
2137499
2137500
2137501
2137502
2137503
2137504
2137505
2137506
2137507
2137508
2137509
2137510
2137511
2137512
2137513
2137514
2137515
2137516
2137517
2137518
2137519
2137520
2137521
2137522
2137523
2137524
2137525
2137526
2137527
2137528
2137529
2137530
2137531
2137532
2137533
2137534
2137535
2137536
2137537
2137538
2137539
2137540
2137541
2137542
2137543
2137544
2137545
2137546
2137547
2137548
2137549
2137550
2137551
2137552
2137553
2137554
2137555
2137556
2137557
2137558
2137559
2137560
2137561
2137562
2137563
2137564
2137565
2137566
2137567
2137568
2137569
2137570
2137571
2137572
2137573
2137574
2137575
2137576
2137577
2137578
2137579
2137580
2137581
2137582
2137583
2137584
2137585
2137586
2137587
