2157730
2157731
2157732
2157733
2157734
2157735
2157736
2157737
2157738
2157739
2157740
2157741
2157742
2157743
2157744
2157745
2157746
2157747
2157748
2157749
2157750
2157751
2157752
2157753
2157754
2157755
2157756
2157757
2157758
2157759
2157760
2157761
2157762
2157763
2157764
2157765
2157766
2157767
2157768
2157769
2157770
2157771
2157772
2157773
2157774
2157775
2157776
2157777
2157778
2157779
2157780
2157781
2157782
2157783
2157784
2157785
2157786
2157787
2157788
2157789
2157790
2157791
2157792
2157793
2157794
2157795
2157796
2157797
2157798
2157799
2157800
2157801
2157802
2157803
2157804
2157805
2157806
2157807
2157808
2157809
2157810
2157811
2157812
2157813
2157814
2157815
2157816
2157817
2157818
2157819
2157820
2157821
2157822
2157823
2157824
2157825
2157826
2157827
2157828
2157829
2157830
2157831
2157832
2157833
2157834
2157835
2157836
2157837
2157838
2157839
2157840
2157841
2157842
2157843
2157844
2157845
2157846
2157847
2157848
2157849
2157850
2157851
2157852
2157853
2157854
2157855
2157856
2157857
2157858
2157859
2157860
2157861
2157862
2157863
2157864
2157865
2157866
2157867
2157868
2157869
2157870
2157871
2157872
2157873
2157874
2157875
2157876
2157877
2157878
2157879
2157880
2157881
2157882
2157883
2157884
2157885
2157886
2157887
2157888
2157889
2157890
2157891
2157892
2157893
2157894
2157895
2157896
2157897
2157898
2157899
2157900
2157901
2157902
2157903
2157904
2157905
2157906
2157907
2157908
2157909
2157910
2157911
2157912
2157913
2157914
2157915
2157916
2157917
2157918
2157919
2157920
2157921
2157922
2157923
2157924
2157925
2157926
2157927
2157928
2157929
2157930
2157931
2157932
2157933
2157934
2157935
2157936
2157937
2157938
2157939
2157940
2157941
2157942
2157943
2157944
2157945
2157946
2157947
2157948
2157949
2157950
2157951
2157952
2157953
2157954
2157955
2157956
2157957
2157958
2157959
2157960
2157961
2157962
2157963
2157964
2157965
2157966
2157967
2157968
2157969
2157970
2157971
2157972
2157973
2157974
2157975
2157976
2157977
2157978
2157979
2157980
2157981
2157982
2157983
2157984
2157985
2157986
2157987
2157988
2157989
2157990
2157991
2157992
2157993
2157994
2157995
2157996
2157997
2157998
2157999
2158000
2158001
2158002
2158003
2158004
2158005
2158006
2158007
2158008
2158009
2158010
2158011
2158012
2158013
2158014
2158015
2158016
2158017
2158018
2158019
2158020
2158021
2158022
2158023
2158024
2158025
2158026
2158027
2158028
2158029
2158030
2158031
2158032
2158033
2158034
2158035
2158036
2158037
2158038
2158039
2158040
2158041
2158042
2158043
2158044
2158045
2158046
2158047
2158048
2158049
2158050
2158051
2158052
2158053
2158054
2158055
2158056
2158057
2158058
2158059
2158060
2158061
2158062
2158063
2158064
2158065
2158066
2158067
2158068
2158069
2158070
2158071
2158072
2158073
2158074
2158075
2158076
2158077
2158078
2158079
2158080
2158081
2158082
2158083
2158084
2158085
2158086
2158087
2158088
2158089
2158090
2158091
2158092
2158093
2158094
2158095
2158096
2158097
2158098
2158099
2158100
2158101
2158102
2158103
2158104
2158105
2158106
2158107
2158108
2158109
2158110
2158111
2158112
2158113
2158114
2158115
2158116
2158117
2158118
2158119
2158120
2158121
2158122
2158123
2158124
2158125
2158126
2158127
2158128
2158129
2158130
2158131
2158132
2158133
2158134
2158135
2158136
2158137
2158138
2158139
2158140
2158141
2158142
2158143
2158144
2158145
2158146
2158147
2158148
2158149
2158150
2158151
2158152
2158153
2158154
2158155
2158156
2158157
2158158
2158159
2158160
2158161
2158162
2158163
2158164
2158165
2158166
2158167
2158168
2158169
2158170
2158171
2158172
2158173
2158174
2158175
2158176
2158177
2158178
2158179
2158180
2158181
2158182
2158183
2158184
2158185
2158186
2158187
2158188
2158189
2158190
2158191
2158192
2158193
2158194
2158195
2158196
2158197
