2144719
2144720
2144721
2144722
2144723
2144724
2144725
2144726
2144727
2144728
2144729
2144730
2144731
2144732
2144733
2144734
2144735
2144736
2144737
2144738
2144739
2144740
2144741
2144742
2144743
2144744
2144745
2144746
2144747
2144748
2144749
2144750
2144751
2144752
2144753
2144754
2144755
2144756
2144757
2144758
2144759
2144760
2144761
2144762
2144763
2144764
2144765
2144766
2144767
2144768
2144769
2144770
2144771
2144772
2144773
2144774
2144775
2144776
2144777
2144778
2144779
2144780
2144781
2144782
2144783
2144784
2144785
2144786
2144787
2144788
2144789
2144790
2144791
2144792
2144793
2144794
2144795
2144796
2144797
2144798
2144799
2144800
2144801
2144802
2144803
2144804
2144805
2144806
2144807
2144808
2144809
2144810
2144811
2144812
2144813
2144814
2144815
2144816
2144817
2144818
2144819
2144820
2144821
2144822
2144823
2144824
2144825
2144826
2144827
2144828
2144829
2144830
2144831
2144832
2144833
2144834
2144835
2144836
2144837
2144838
2144839
2144840
2144841
2144842
2144843
2144844
2144845
2144846
2144847
2144848
2144849
2144850
2144851
2144852
2144853
2144854
2144855
2144856
2144857
2144858
2144859
2144860
2144861
2144862
2144863
2144864
2144865
2144866
2144867
2144868
2144869
2144870
2144871
2144872
2144873
2144874
2144875
2144876
2144877
2144878
2144879
2144880
2144881
2144882
2144883
2144884
2144885
2144886
2144887
2144888
2144889
2144890
2144891
2144892
2144893
2144894
2144895
2144896
2144897
2144898
2144899
2144900
2144901
2144902
2144903
2144904
2144905
2144906
2144907
2144908
2144909
2144910
2144911
2144912
2144913
2144914
2144915
2144916
2144917
2144918
2144919
2144920
2144921
2144922
2144923
2144924
2144925
2144926
2144927
2144928
2144929
2144930
2144931
2144932
2144933
2144934
2144935
2144936
2144937
2144938
2144939
2144940
2144941
2144942
2144943
2144944
2144945
2144946
2144947
2144948
2144949
2144950
2144951
2144952
2144953
2144954
2144955
2144956
2144957
2144958
2144959
2144960
2144961
2144962
2144963
2144964
2144965
2144966
2144967
2144968
2144969
2144970
2144971
2144972
2144973
2144974
2144975
2144976
2144977
2144978
2144979
2144980
2144981
2144982
2144983
2144984
2144985
2144986
2144987
2144988
2144989
2144990
2144991
2144992
2144993
2144994
2144995
2144996
2144997
2144998
2144999
2145000
2145001
2145002
2145003
2145004
2145005
2145006
2145007
2145008
2145009
2145010
2145011
2145012
2145013
2145014
2145015
2145016
2145017
2145018
2145019
2145020
2145021
2145022
2145023
2145024
2145025
2145026
2145027
2145028
2145029
2145030
2145031
2145032
2145033
2145034
2145035
2145036
2145037
2145038
2145039
2145040
2145041
2145042
2145043
2145044
2145045
2145046
2145047
2145048
2145049
2145050
2145051
2145052
2145053
2145054
2145055
2145056
2145057
2145058
2145059
2145060
2145061
2145062
2145063
2145064
2145065
2145066
2145067
2145068
2145069
2145070
2145071
2145072
2145073
2145074
2145075
2145076
2145077
