2159857
2159858
2159859
2159860
2159861
2159862
2159863
2159864
2159865
2159866
2159867
2159868
2159869
2159870
2159871
2159872
2159873
2159874
2159875
2159876
2159877
2159878
2159879
2159880
2159881
2159882
2159883
2159884
2159885
2159886
2159887
2159888
2159889
2159890
2159891
2159892
2159893
2159894
2159895
2159896
2159897
2159898
2159899
2159900
2159901
2159902
2159903
2159904
2159905
2159906
2159907
2159908
2159909
2159910
2159911
2159912
2159913
2159914
2159915
2159916
2159917
2159918
2159919
2159920
2159921
2159922
2159923
2159924
2159925
2159926
2159927
2159928
2159929
2159930
2159931
2159932
2159933
2159934
2159935
2159936
2159937
2159938
2159939
2159940
2159941
2159942
2159943
2159944
2159945
2159946
2159947
2159948
2159949
2159950
2159951
2159952
2159953
2159954
2159955
2159956
2159957
2159958
2159959
2159960
2159961
2159962
2159963
2159964
2159965
2159966
2159967
2159968
2159969
2159970
2159971
2159972
2159973
2159974
2159975
2159976
2159977
2159978
2159979
2159980
2159981
2159982
2159983
2159984
2159985
2159986
2159987
2159988
2159989
2159990
2159991
2159992
2159993
2159994
2159995
2159996
2159997
2159998
2159999
2160000
2160001
2160002
2160003
2160004
2160005
2160006
2160007
2160008
2160009
2160010
2160011
2160012
2160013
2160014
2160015
2160016
2160017
2160018
2160019
2160020
2160021
2160022
2160023
2160024
2160025
2160026
2160027
2160028
2160029
2160030
2160031
2160032
2160033
2160034
2160035
2160036
2160037
2160038
2160039
2160040
2160041
2160042
2160043
2160044
2160045
2160046
2160047
2160048
2160049
2160050
2160051
2160052
2160053
2160054
2160055
2160056
2160057
2160058
2160059
2160060
2160061
2160062
2160063
2160064
2160065
2160066
2160067
2160068
2160069
2160070
2160071
2160072
2160073
2160074
2160075
2160076
2160077
2160078
2160079
2160080
2160081
2160082
2160083
2160084
2160085
2160086
2160087
2160088
2160089
2160090
2160091
2160092
2160093
2160094
2160095
2160096
2160097
2160098
2160099
2160100
2160101
2160102
2160103
2160104
2160105
2160106
2160107
2160108
2160109
2160110
2160111
2160112
2160113
2160114
2160115
2160116
2160117
2160118
2160119
2160120
2160121
2160122
2160123
2160124
2160125
2160126
2160127
2160128
2160129
2160130
2160131
2160132
2160133
2160134
2160135
2160136
2160137
2160138
2160139
2160140
2160141
2160142
2160143
2160144
2160145
2160146
2160147
2160148
2160149
2160150
2160151
2160152
2160153
2160154
2160155
2160156
2160157
2160158
2160159
2160160
2160161
2160162
2160163
2160164
2160165
2160166
2160167
2160168
2160169
2160170
2160171
2160172
2160173
2160174
2160175
2160176
2160177
2160178
2160179
2160180
2160181
2160182
2160183
2160184
2160185
2160186
2160187
2160188
2160189
2160190
2160191
2160192
2160193
2160194
2160195
2160196
2160197
2160198
2160199
2160200
2160201
2160202
2160203
2160204
2160205
2160206
2160207
2160208
2160209
2160210
2160211
2160212
2160213
2160214
2160215
2160216
2160217
2160218
2160219
2160220
2160221
2160222
2160223
2160224
2160225
2160226
2160227
2160228
2160229
2160230
2160231
2160232
2160233
2160234
2160235
2160236
2160237
2160238
2160239
2160240
2160241
2160242
2160243
2160244
2160245
2160246
2160247
2160248
2160249
2160250
2160251
2160252
2160253
2160254
2160255
2160256
2160257
2160258
2160259
2160260
2160261
2160262
2160263
2160264
2160265
2160266
2160267
2160268
2160269
2160270
2160271
2160272
2160273
2160274
2160275
2160276
2160277
2160278
2160279
2160280
2160281
2160282
2160283
2160284
2160285
2160286
2160287
2160288
2160289
2160290
2160291
2160292
2160293
2160294
2160295
2160296
2160297
2160298
2160299
2160300
2160301
2160302
2160303
2160304
2160305
2160306
2160307
2160308
2160309
2160310
2160311
2160312
2160313
2160314
2160315
2160316
2160317
2160318
2160319
2160320
2160321
2160322
2160323
2160324
2160325
2160326
2160327
2160328
2160329
2160330
2160331
2160332
2160333
2160334
2160335
2160336
2160337
2160338
2160339
2160340
2160341
2160342
2160343
2160344
2160345
2160346
2160347
2160348
2160349
2160350
2160351
2160352
2160353
2160354
2160355
2160356
2160357
2160358
2160359
2160360
2160361
2160362
2160363
2160364
2160365
2160366
2160367
2160368
2160369
2160370
2160371
2160372
2160373
2160374
2160375
2160376
2160377
2160378
2160379
2160380
2160381
2160382
2160383
2160384
2160385
2160386
2160387
2160388
2160389
2160390
2160391
2160392
2160393
2160394
2160395
2160396
2160397
2160398
2160399
2160400
2160401
2160402
2160403
2160404
2160405
2160406
2160407
2160408
2160409
2160410
2160411
2160412
2160413
2160414
2160415
2160416
2160417
2160418
2160419
2160420
2160421
2160422
2160423
2160424
2160425
2160426
2160427
2160428
2160429
2160430
2160431
2160432
2160433
2160434
2160435
2160436
2160437
2160438
2160439
2160440
2160441
2160442
2160443
2160444
2160445
2160446
2160447
2160448
2160449
2160450
2160451
2160452
2160453
2160454
2160455
2160456
2160457
2160458
2160459
2160460
2160461
2160462
2160463
2160464
2160465
2160466
2160467
2160468
2160469
2160470
2160471
2160472
2160473
2160474
2160475
2160476
2160477
2160478
2160479
2160480
2160481
2160482
2160483
2160484
2160485
2160486
2160487
2160488
2160489
2160490
2160491
2160492
2160493
2160494
2160495
2160496
2160497
2160498
2160499
2160500
2160501
2160502
2160503
2160504
2160505
2160506
2160507
2160508
2160509
2160510
2160511
2160512
2160513
2160514
2160515
2160516
2160517
2160518
2160519
2160520
2160521
2160522
2160523
2160524
2160525
2160526
2160527
2160528
2160529
2160530
2160531
2160532
2160533
2160534
2160535
2160536
2160537
2160538
2160539
2160540
2160541
2160542
2160543
2160544
2160545
2160546
2160547
2160548
2160549
2160550
2160551
2160552
2160553
2160554
2160555
2160556
2160557
2160558
2160559
2160560
2160561
2160562
2160563
2160564
